0.000000		-40.722558		0.000000		5.466563		0.000000		0.000000		0.000000

-40.722558		-40.716602		5.466563		5.477579		0.000000		0.000000		0.000000

-40.716602		-40.716049		5.477579		5.463082		0.000000		0.000000		0.000000

-40.716049		-40.712384		5.463082		5.448067		0.000000		0.000000		0.000000

-40.712384		-40.702214		5.448067		5.448576		0.000000		0.000000		0.000000

-40.702214		-40.702108		5.448576		5.438875		0.000000		0.000000		0.000000

-40.702108		-40.695257		5.438875		5.437139		0.000000		0.000000		0.000000

-40.695257		-40.688550		5.437139		5.433598		0.000000		0.000000		0.000000

-40.688550		-40.686925		nan		nan		-nan		0.000000		0.000000

-40.686925		-40.684575		5.423001		5.438815		0.000000		0.000000		0.000000

-40.684575		-40.679937		5.438815		5.426015		0.000000		0.000000		0.000000

-40.679937		-40.676690		5.426015		5.413965		0.000000		0.000000		0.000000

-40.676690		-40.673196		5.413965		5.433188		0.000000		0.000000		0.000000

-40.686454		-40.679327		5.425501		5.436553		-0.007687		-0.013258		0.006391

-40.666069		-40.663296		5.444240		5.419131		0.000000		-0.000000		0.000000

-40.663296		-40.651500		5.419131		5.428055		0.000000		0.000000		0.000000

-40.651500		-40.651944		5.428055		5.428003		0.000000		0.000000		0.000000

-40.651944		-40.649468		5.428003		5.409235		0.000000		0.000000		0.000000

-40.649468		-40.647057		5.409235		5.406219		0.000000		0.000000		0.000000

-40.647057		-40.643024		5.406219		5.422829		0.000000		0.000000		0.000000

-40.643024		-40.642272		5.422829		5.421246		0.000000		0.000000		0.000000

-40.642272		-40.639509		5.421246		5.404421		0.000000		0.000000		0.000000

-40.639509		-40.631563		5.404421		5.429561		0.000000		0.000000		0.000000

-40.631563		-40.633086		5.429561		5.392061		0.000000		0.000000		0.000000

-40.633086		-40.623981		5.392061		5.386881		0.000000		0.000000		inf

-543359820139087760635287539304781345666366467819916026194112800833409681897821006567478563798163464243449553094170264297061855191266187849774171685824183288219360384864086905721931688398443083459419280969348464383093726863633287623312561668096.000000		-543359820139087760635287539304781345666366467819916026194112800833409681897821006567478563798163464243449553094170264297061855191266187849774171685824183288219360384864086905721931688398443083459419280969348464383093726863633287623312561668096.000000		136702296707728223988209399823157700709666773033224001456313334620652097147138498057540680467368124714802195533004703097692920009271836708249423864772244216479744.000000		136702296707728223988209399823157700709666773033224001456313334620652097147138498057540680467368124714802195533004703097692920009271836708249423864772244216479744.000000		inf		inf		4424109177962496.000000

-72828818529841380691770836609270279246537508641982449291570253654147896720423800237054156278410980271696522935887164069014613440624343829769585818872082459318436295903104067171938651981987664022984933367167621372205823164416.000000		-72828818529841380691770836609270279246537508641982449291570253654147896720423800237054156278410980271696522935887164069014613440624343829769585818872082459318436295903104067171938651981987664022984933367167621372205823164416.000000		213780759766404248701531693532896834531842192122327923816560832531640894522358648828602124689854319652014495095144985833545146032346156575559889937688504679006208.000000		213780759766404248701531693532896834531842192122327923816560832531640894522358648828602124689854319652014495095144985833545146032346156575559889937688504679006208.000000		inf		inf		0.000000

-534856778034464032635335854621648397713747463717888005767168.000000		-534856778034464032635335854621648397713747463717888005767168.000000		3315896998714919600182773542831592244919088825300239978707737474858678666949554035499855731226048607679122159535096294523933327160502133449906746032128.000000		3315896998714919600182773542831592244919088825300239978707737474858678666949554035499855731226048607679122159535096294523933327160502133449906746032128.000000		inf		inf		inf

-40.621362		-40.621505		54834460387579463872883918786910484395449244465849477815402892606716100368159901649349328500636779635630640878698494067672417134498325901822603896244986308825643574845423389342016475533789902815913687995647181711157384263867965697638948405248.000000		54834460387579463872883918786910484395449244465849477815402892606716100368159901649349328500636779635630640878698494067672417134498325901822603896244986308825643574845423389342016475533789902815913687995647181711157384263867965697638948405248.000000		inf		0.000000		inf

-3985527329735009915341712638653567306498408520937029419337061816867645026439709909266281151587272635490538269177246834900728287501874689031396468596632577522529031611763906992270513289511188306241239500202957439835899689427443347338083862426887603093504.000000		-3985527329735009915341712638653567306498408520937029419337061816867645026439709909266281151587272635490538269177246834900728287501874689031396468596632577522529031611763906992270513289511188306241239500202957439835899689427443347338083862426887603093504.000000		5.401680		5.401779		0.000000		inf		inf

-442266098157089510481004045952382205797346125785784312953603079494408269605555642288481457764433958090197731214628603239368569315418821640095838020755691447245235065973669046392950757446980647428165622082123234948623987708855409025113143876465515059270909952.000000		-442266098157089510481004045952382205797346125785784312953603079494408269605555642288481457764433958090197731214628603239368569315418821640095838020755691447245235065973669046392950757446980647428165622082123234948623987708855409025113143876465515059270909952.000000		1889267275537046127252460770302097700921560348956480859898934262692623794853643217488549957745591510791316806288872985222914408791481791504175846196267399611629530315121237181543854792983755480531972945166249117844766720.000000		1889267275537046127252460770302097700921560348956480859898934262692623794853643217488549957745591510791316806288872985222914408791481791504175846196267399611629530315121237181543854792983755480531972945166249117844766720.000000		inf		inf		inf

-231989813306704593834726705917871982559214087630874492976485445779462992127090630720130132228433905172011162375024774230225680442248789244263960165823691936589447379435458106712773754180139797605438665560652794283501995928174208195778863247462007570432.000000		-231989813306704593834726705917871982559214087630874492976485445779462992127090630720130132228433905172011162375024774230225680442248789244263960165823691936589447379435458106712773754180139797605438665560652794283501995928174208195778863247462007570432.000000		90791260109908362411959916311918944071144888278582424500182999615544887165980306983735487123307494803393142233760012281291063112668303204038353926338032900371924514761726228729691667669699343039198915198775845929467603058688.000000		90791260109908362411959916311918944071144888278582424500182999615544887165980306983735487123307494803393142233760012281291063112668303204038353926338032900371924514761726228729691667669699343039198915198775845929467603058688.000000		inf		inf		0.000000

-278974245451108001698367679410498909249125787633544740157213302267886767190968933280256192845172953366882330650854156569431999499910897242312891865803956255224397485462809564906697712552790216114626836151565936369507445619732563099648.000000		-278974245451108001698367679410498909249125787633544740157213302267886767190968933280256192845172953366882330650854156569431999499910897242312891865803956255224397485462809564906697712552790216114626836151565936369507445619732563099648.000000		2448950252388669593331894711619045640955719307871301703421204921793154766146135480737171946446018699211058474338585407229796697864192016654954030804788333697499185261024339226897599368824213066481664.000000		2448950252388669593331894711619045640955719307871301703421204921793154766146135480737171946446018699211058474338585407229796697864192016654954030804788333697499185261024339226897599368824213066481664.000000		inf		inf		inf

-40.626368		-40.626846		1628651801690278432430353457419342658252448789426941195112181772709974957071354592090240931121615692173652819196331660154901875448390554605611148505948526427804104188817904046256783741220555167033899012072159958181871616.000000		1628651801690278432430353457419342658252448789426941195112181772709974957071354592090240931121615692173652819196331660154901875448390554605611148505948526427804104188817904046256783741220555167033899012072159958181871616.000000		inf		0.000000		inf

-921556352369711.875000		-921556352369711.875000		5.394162		5.394859		0.000000		921556368752640.000000		inf

-40.619582		-40.612380		5.394859		5.397003		0.000000		0.000000		inf

-40.612380		-40.616365		5.397003		5.392369		0.000000		-0.000000		0.000000

0.000000		-40.773118		0.000000		5.407696		0.000000		0.000000		0.000000

-40.773118		-40.766151		5.407696		5.405698		0.000000		0.000000		0.000000

-40.766151		-40.765475		5.405698		5.406989		0.000000		0.000000		0.000000

-40.765475		-40.761893		5.406989		5.410096		0.000000		0.000000		0.000000

-40.761893		-40.756654		5.410096		5.407370		0.000000		0.000000		0.000000

-40.756654		-40.748837		5.407370		5.401894		0.000000		0.000000		0.000000

-40.748837		-40.746310		5.401894		5.404344		0.000000		0.000000		0.000000

-40.746310		-40.746515		5.404344		5.401471		0.000000		0.000000		0.000000

-40.746515		-40.745234		nan		nan		-nan		0.000000		0.000000

-40.745234		-40.746163		5.391668		5.393295		0.000000		0.000000		0.000000

-40.746163		-40.732168		5.393295		5.382540		0.000000		0.000000		0.000000

-40.732168		-40.730672		5.382540		5.376888		0.000000		0.000000		0.000000

-40.730672		-40.725594		5.376888		5.373402		0.000000		0.000000		0.000000

-40.738852		-40.731421		5.365715		5.362907		-0.007687		-0.013258		0.006391

-40.718162		-40.716913		5.370594		5.375969		0.000000		-0.000000		0.000000

-40.716913		-40.718036		5.375969		5.377257		0.000000		0.000000		0.000000

-40.718036		-40.715079		5.377257		5.380441		0.000000		0.000000		0.000000

-40.715079		-40.716011		5.380441		5.379999		0.000000		0.000000		0.000000

-40.716011		-40.712668		5.379999		5.378798		0.000000		0.000000		0.000000

-40.712668		-40.717900		5.378798		5.370688		0.000000		0.000000		0.000000

-40.717900		-40.714525		5.370688		5.370062		0.000000		0.000000		0.000000

-40.714525		-40.712340		5.370062		5.371634		0.000000		0.000000		0.000000

-40.712340		-40.710226		5.371634		5.368903		0.000000		0.000000		0.000000

-40.710226		-40.710079		5.368903		5.371617		0.000000		0.000000		0.000000

-40.710079		-40.709181		5.371617		5.372457		0.000000		0.000000		inf

-543359820139087760635287539304781345666366467819916026194112800833409681897821006567478563798163464243449553094170264297061855191266187849774171685824183288219360384864086905721931688398443083459419280969348464383093726863633287623312561668096.000000		-543359820139087760635287539304781345666366467819916026194112800833409681897821006567478563798163464243449553094170264297061855191266187849774171685824183288219360384864086905721931688398443083459419280969348464383093726863633287623312561668096.000000		136702296707728223988209399823157700709666773033224001456313334620652097147138498057540680467368124714802195533004703097692920009271836708249423864772244216479744.000000		136702296707728223988209399823157700709666773033224001456313334620652097147138498057540680467368124714802195533004703097692920009271836708249423864772244216479744.000000		inf		inf		4424109177962496.000000

-72828818529841380691770836609270279246537508641982449291570253654147896720423800237054156278410980271696522935887164069014613440624343829769585818872082459318436295903104067171938651981987664022984933367167621372205823164416.000000		-72828818529841380691770836609270279246537508641982449291570253654147896720423800237054156278410980271696522935887164069014613440624343829769585818872082459318436295903104067171938651981987664022984933367167621372205823164416.000000		213780759766404248701531693532896834531842192122327923816560832531640894522358648828602124689854319652014495095144985833545146032346156575559889937688504679006208.000000		213780759766404248701531693532896834531842192122327923816560832531640894522358648828602124689854319652014495095144985833545146032346156575559889937688504679006208.000000		inf		inf		0.000000

-534856778034464032635335854621648397713747463717888005767168.000000		-534856778034464032635335854621648397713747463717888005767168.000000		3315896998714919600182773542831592244919088825300239978707737474858678666949554035499855731226048607679122159535096294523933327160502133449906746032128.000000		3315896998714919600182773542831592244919088825300239978707737474858678666949554035499855731226048607679122159535096294523933327160502133449906746032128.000000		inf		inf		inf

-40.697081		-40.704072		54834460387579463872883918786910484395449244465849477815402892606716100368159901649349328500636779635630640878698494067672417134498325901822603896244986308825643574845423389342016475533789902815913687995647181711157384263867965697638948405248.000000		54834460387579463872883918786910484395449244465849477815402892606716100368159901649349328500636779635630640878698494067672417134498325901822603896244986308825643574845423389342016475533789902815913687995647181711157384263867965697638948405248.000000		inf		0.000000		inf

-3985527329735009915341712638653567306498408520937029419337061816867645026439709909266281151587272635490538269177246834900728287501874689031396468596632577522529031611763906992270513289511188306241239500202957439835899689427443347338083862426887603093504.000000		-3985527329735009915341712638653567306498408520937029419337061816867645026439709909266281151587272635490538269177246834900728287501874689031396468596632577522529031611763906992270513289511188306241239500202957439835899689427443347338083862426887603093504.000000		5.381247		5.380952		0.000000		inf		inf

-442266098157089510481004045952382205797346125785784312953603079494408269605555642288481457764433958090197731214628603239368569315418821640095838020755691447245235065973669046392950757446980647428165622082123234948623987708855409025113143876465515059270909952.000000		-442266098157089510481004045952382205797346125785784312953603079494408269605555642288481457764433958090197731214628603239368569315418821640095838020755691447245235065973669046392950757446980647428165622082123234948623987708855409025113143876465515059270909952.000000		1889267275537046127252460770302097700921560348956480859898934262692623794853643217488549957745591510791316806288872985222914408791481791504175846196267399611629530315121237181543854792983755480531972945166249117844766720.000000		1889267275537046127252460770302097700921560348956480859898934262692623794853643217488549957745591510791316806288872985222914408791481791504175846196267399611629530315121237181543854792983755480531972945166249117844766720.000000		inf		inf		inf

-231989813306704593834726705917871982559214087630874492976485445779462992127090630720130132228433905172011162375024774230225680442248789244263960165823691936589447379435458106712773754180139797605438665560652794283501995928174208195778863247462007570432.000000		-231989813306704593834726705917871982559214087630874492976485445779462992127090630720130132228433905172011162375024774230225680442248789244263960165823691936589447379435458106712773754180139797605438665560652794283501995928174208195778863247462007570432.000000		90791260109908362411959916311918944071144888278582424500182999615544887165980306983735487123307494803393142233760012281291063112668303204038353926338032900371924514761726228729691667669699343039198915198775845929467603058688.000000		90791260109908362411959916311918944071144888278582424500182999615544887165980306983735487123307494803393142233760012281291063112668303204038353926338032900371924514761726228729691667669699343039198915198775845929467603058688.000000		inf		inf		0.000000

-278974245451108001698367679410498909249125787633544740157213302267886767190968933280256192845172953366882330650854156569431999499910897242312891865803956255224397485462809564906697712552790216114626836151565936369507445619732563099648.000000		-278974245451108001698367679410498909249125787633544740157213302267886767190968933280256192845172953366882330650854156569431999499910897242312891865803956255224397485462809564906697712552790216114626836151565936369507445619732563099648.000000		2448950252388669593331894711619045640955719307871301703421204921793154766146135480737171946446018699211058474338585407229796697864192016654954030804788333697499185261024339226897599368824213066481664.000000		2448950252388669593331894711619045640955719307871301703421204921793154766146135480737171946446018699211058474338585407229796697864192016654954030804788333697499185261024339226897599368824213066481664.000000		inf		inf		inf

-40.715547		-40.716192		1628651801690278432430353457419342658252448789426941195112181772709974957071354592090240931121615692173652819196331660154901875448390554605611148505948526427804104188817904046256783741220555167033899012072159958181871616.000000		1628651801690278432430353457419342658252448789426941195112181772709974957071354592090240931121615692173652819196331660154901875448390554605611148505948526427804104188817904046256783741220555167033899012072159958181871616.000000		inf		0.000000		inf

-921556352369712.000000		-921556352369712.000000		5.382555		5.379835		0.000000		921556368752640.000000		inf

-40.712094		-40.707299		5.379835		5.381229		0.000000		0.000000		inf

-40.707299		-40.708276		5.381229		5.379148		0.000000		-0.000000		0.000000

0.000000		-40.667629		0.000000		5.313339		0.000000		0.000000		0.000000

-40.667629		-40.663712		5.313339		5.316618		0.000000		0.000000		0.000000

-40.663712		-40.670573		5.316618		5.321338		0.000000		0.000000		0.000000

-40.670573		-40.666198		5.321338		5.329434		0.000000		0.000000		0.000000

-40.666198		-40.670314		5.329434		5.337655		0.000000		0.000000		0.000000

-40.670314		-40.667783		5.337655		5.331746		0.000000		0.000000		0.000000

-40.667783		-40.658067		5.331746		5.335730		0.000000		0.000000		0.000000

-40.658067		-40.658672		5.335730		5.333755		0.000000		0.000000		0.000000

-40.658672		-40.661503		nan		nan		-nan		0.000000		0.000000

0.000000		-40.680057		0.000000		5.305836		0.000000		0.000000		0.000000

-40.680057		-40.681597		5.305836		5.308333		0.000000		0.000000		0.000000

-40.681597		-40.677134		5.308333		5.315295		0.000000		0.000000		0.000000

-40.677134		-40.673479		5.315295		5.315703		0.000000		0.000000		0.000000

-40.673479		-40.671492		5.315703		5.317458		0.000000		0.000000		0.000000

-40.671492		-40.669887		5.317458		5.318061		0.000000		0.000000		0.000000

-40.669887		-40.670426		5.318061		5.315142		0.000000		0.000000		0.000000

-40.670426		-40.667701		5.315142		5.310221		0.000000		0.000000		0.000000

-40.667701		-40.666342		nan		nan		-nan		0.000000		0.000000

-40.666342		-40.661219		5.318159		5.323465		0.000000		0.000000		0.000000

-40.661219		-40.662018		5.323465		5.332283		0.000000		0.000000		0.000000

-40.662018		-40.667134		5.332283		5.331755		0.000000		0.000000		0.000000

-40.667134		-40.670341		5.331755		5.332598		0.000000		0.000000		0.000000

-40.683599		-40.687178		5.324910		5.325912		-0.007687		-0.013258		0.006391

-40.673920		-40.675337		5.333600		5.345587		0.000000		-0.000000		0.000000

-40.675337		-40.678302		5.345587		5.344656		0.000000		0.000000		0.000000

-40.678302		-40.679698		5.344656		5.342597		0.000000		0.000000		0.000000

-40.679698		-40.679166		5.342597		5.345689		0.000000		0.000000		0.000000

-40.679166		-40.678424		5.345689		5.346920		0.000000		0.000000		0.000000

-40.678424		-40.682164		5.346920		5.353863		0.000000		0.000000		0.000000

-40.682164		-40.684507		5.353863		5.350395		0.000000		0.000000		0.000000

-40.684507		-40.682458		5.350395		5.354559		0.000000		0.000000		0.000000

-40.682458		-40.683301		5.354559		5.353198		0.000000		0.000000		0.000000

-40.683301		-40.685019		5.353198		5.355734		0.000000		0.000000		0.000000

-40.685019		-40.683175		5.355734		5.354603		0.000000		0.000000		inf

-543359820139087760635287539304781345666366467819916026194112800833409681897821006567478563798163464243449553094170264297061855191266187849774171685824183288219360384864086905721931688398443083459419280969348464383093726863633287623312561668096.000000		-543359820139087760635287539304781345666366467819916026194112800833409681897821006567478563798163464243449553094170264297061855191266187849774171685824183288219360384864086905721931688398443083459419280969348464383093726863633287623312561668096.000000		136702296707728223988209399823157700709666773033224001456313334620652097147138498057540680467368124714802195533004703097692920009271836708249423864772244216479744.000000		136702296707728223988209399823157700709666773033224001456313334620652097147138498057540680467368124714802195533004703097692920009271836708249423864772244216479744.000000		inf		inf		4424109177962496.000000

-72828818529841380691770836609270279246537508641982449291570253654147896720423800237054156278410980271696522935887164069014613440624343829769585818872082459318436295903104067171938651981987664022984933367167621372205823164416.000000		-72828818529841380691770836609270279246537508641982449291570253654147896720423800237054156278410980271696522935887164069014613440624343829769585818872082459318436295903104067171938651981987664022984933367167621372205823164416.000000		213780759766404248701531693532896834531842192122327923816560832531640894522358648828602124689854319652014495095144985833545146032346156575559889937688504679006208.000000		213780759766404248701531693532896834531842192122327923816560832531640894522358648828602124689854319652014495095144985833545146032346156575559889937688504679006208.000000		inf		inf		0.000000

-534856778034464032635335854621648397713747463717888005767168.000000		-534856778034464032635335854621648397713747463717888005767168.000000		3315896998714919600182773542831592244919088825300239978707737474858678666949554035499855731226048607679122159535096294523933327160502133449906746032128.000000		3315896998714919600182773542831592244919088825300239978707737474858678666949554035499855731226048607679122159535096294523933327160502133449906746032128.000000		inf		inf		inf

-40.684254		-40.682721		54834460387579463872883918786910484395449244465849477815402892606716100368159901649349328500636779635630640878698494067672417134498325901822603896244986308825643574845423389342016475533789902815913687995647181711157384263867965697638948405248.000000		54834460387579463872883918786910484395449244465849477815402892606716100368159901649349328500636779635630640878698494067672417134498325901822603896244986308825643574845423389342016475533789902815913687995647181711157384263867965697638948405248.000000		inf		0.000000		inf

-3985527329735009915341712638653567306498408520937029419337061816867645026439709909266281151587272635490538269177246834900728287501874689031396468596632577522529031611763906992270513289511188306241239500202957439835899689427443347338083862426887603093504.000000		-3985527329735009915341712638653567306498408520937029419337061816867645026439709909266281151587272635490538269177246834900728287501874689031396468596632577522529031611763906992270513289511188306241239500202957439835899689427443347338083862426887603093504.000000		5.352386		5.354866		0.000000		inf		inf

-442266098157089510481004045952382205797346125785784312953603079494408269605555642288481457764433958090197731214628603239368569315418821640095838020755691447245235065973669046392950757446980647428165622082123234948623987708855409025113143876465515059270909952.000000		-442266098157089510481004045952382205797346125785784312953603079494408269605555642288481457764433958090197731214628603239368569315418821640095838020755691447245235065973669046392950757446980647428165622082123234948623987708855409025113143876465515059270909952.000000		1889267275537046127252460770302097700921560348956480859898934262692623794853643217488549957745591510791316806288872985222914408791481791504175846196267399611629530315121237181543854792983755480531972945166249117844766720.000000		1889267275537046127252460770302097700921560348956480859898934262692623794853643217488549957745591510791316806288872985222914408791481791504175846196267399611629530315121237181543854792983755480531972945166249117844766720.000000		inf		inf		inf

-231989813306704593834726705917871982559214087630874492976485445779462992127090630720130132228433905172011162375024774230225680442248789244263960165823691936589447379435458106712773754180139797605438665560652794283501995928174208195778863247462007570432.000000		-231989813306704593834726705917871982559214087630874492976485445779462992127090630720130132228433905172011162375024774230225680442248789244263960165823691936589447379435458106712773754180139797605438665560652794283501995928174208195778863247462007570432.000000		90791260109908362411959916311918944071144888278582424500182999615544887165980306983735487123307494803393142233760012281291063112668303204038353926338032900371924514761726228729691667669699343039198915198775845929467603058688.000000		90791260109908362411959916311918944071144888278582424500182999615544887165980306983735487123307494803393142233760012281291063112668303204038353926338032900371924514761726228729691667669699343039198915198775845929467603058688.000000		inf		inf		0.000000

-278974245451108001698367679410498909249125787633544740157213302267886767190968933280256192845172953366882330650854156569431999499910897242312891865803956255224397485462809564906697712552790216114626836151565936369507445619732563099648.000000		-278974245451108001698367679410498909249125787633544740157213302267886767190968933280256192845172953366882330650854156569431999499910897242312891865803956255224397485462809564906697712552790216114626836151565936369507445619732563099648.000000		2448950252388669593331894711619045640955719307871301703421204921793154766146135480737171946446018699211058474338585407229796697864192016654954030804788333697499185261024339226897599368824213066481664.000000		2448950252388669593331894711619045640955719307871301703421204921793154766146135480737171946446018699211058474338585407229796697864192016654954030804788333697499185261024339226897599368824213066481664.000000		inf		inf		inf

-40.680999		-40.689220		1628651801690278432430353457419342658252448789426941195112181772709974957071354592090240931121615692173652819196331660154901875448390554605611148505948526427804104188817904046256783741220555167033899012072159958181871616.000000		1628651801690278432430353457419342658252448789426941195112181772709974957071354592090240931121615692173652819196331660154901875448390554605611148505948526427804104188817904046256783741220555167033899012072159958181871616.000000		inf		0.000000		inf

-921556352369712.000000		-921556352369712.000000		5.348847		5.346724		0.000000		921556368752640.000000		inf

-40.689926		-40.690268		5.346724		5.350913		0.000000		0.000000		inf

-40.690268		-40.689110		5.350913		5.351850		0.000000		-0.000000		0.000000

0.000000		-40.818590		0.000000		5.317737		0.000000		0.000000		0.000000

-40.818590		-40.805367		5.317737		5.318319		0.000000		0.000000		0.000000

-40.805367		-40.795805		5.318319		5.320466		0.000000		0.000000		0.000000

-40.795805		-40.776868		5.320466		5.314507		0.000000		0.000000		0.000000

-40.776868		-40.769833		5.314507		5.312964		0.000000		0.000000		0.000000

-40.769833		-40.756002		5.312964		5.316254		0.000000		0.000000		0.000000

-40.756002		-40.749291		5.316254		5.314345		0.000000		0.000000		0.000000

-40.749291		-40.744274		5.314345		5.318060		0.000000		0.000000		0.000000

-40.744274		-40.732055		nan		nan		-nan		0.000000		0.000000

-40.732055		-40.720751		5.315942		5.317627		0.000000		0.000000		0.000000

-40.720751		-40.701200		5.317627		5.327420		0.000000		0.000000		0.000000

-40.701200		-40.694964		5.327420		5.332327		0.000000		0.000000		0.000000

-40.694964		-40.688280		5.332327		5.333967		0.000000		0.000000		0.000000

-40.701538		-40.697457		5.326280		5.322645		-0.007687		-0.013258		0.006391

-40.684199		-40.678172		5.330332		5.332438		0.000000		-0.000000		0.000000

-40.678172		-40.678127		5.332438		5.325005		0.000000		0.000000		0.000000

-40.678127		-40.674524		5.325005		5.326085		0.000000		0.000000		0.000000

-40.674524		-40.663101		5.326085		5.331438		0.000000		0.000000		0.000000

-40.663101		-40.655154		5.331438		5.338509		0.000000		0.000000		0.000000

-40.655154		-40.653477		5.338509		5.340565		0.000000		0.000000		0.000000

-40.653477		-40.652009		5.340565		5.341420		0.000000		0.000000		0.000000

-40.652009		-40.646726		5.341420		5.345733		0.000000		0.000000		0.000000

-40.646726		-40.638693		5.345733		5.346833		0.000000		0.000000		0.000000

-40.638693		-40.639848		5.346833		5.345577		0.000000		0.000000		0.000000

-40.639848		-40.643601		5.345577		5.348054		0.000000		0.000000		inf

-543359820139087760635287539304781345666366467819916026194112800833409681897821006567478563798163464243449553094170264297061855191266187849774171685824183288219360384864086905721931688398443083459419280969348464383093726863633287623312561668096.000000		-543359820139087760635287539304781345666366467819916026194112800833409681897821006567478563798163464243449553094170264297061855191266187849774171685824183288219360384864086905721931688398443083459419280969348464383093726863633287623312561668096.000000		136702296707728223988209399823157700709666773033224001456313334620652097147138498057540680467368124714802195533004703097692920009271836708249423864772244216479744.000000		136702296707728223988209399823157700709666773033224001456313334620652097147138498057540680467368124714802195533004703097692920009271836708249423864772244216479744.000000		inf		inf		4424109177962496.000000

-72828818529841380691770836609270279246537508641982449291570253654147896720423800237054156278410980271696522935887164069014613440624343829769585818872082459318436295903104067171938651981987664022984933367167621372205823164416.000000		-72828818529841380691770836609270279246537508641982449291570253654147896720423800237054156278410980271696522935887164069014613440624343829769585818872082459318436295903104067171938651981987664022984933367167621372205823164416.000000		213780759766404248701531693532896834531842192122327923816560832531640894522358648828602124689854319652014495095144985833545146032346156575559889937688504679006208.000000		213780759766404248701531693532896834531842192122327923816560832531640894522358648828602124689854319652014495095144985833545146032346156575559889937688504679006208.000000		inf		inf		0.000000

-534856778034464032635335854621648397713747463717888005767168.000000		-534856778034464032635335854621648397713747463717888005767168.000000		3315896998714919600182773542831592244919088825300239978707737474858678666949554035499855731226048607679122159535096294523933327160502133449906746032128.000000		3315896998714919600182773542831592244919088825300239978707737474858678666949554035499855731226048607679122159535096294523933327160502133449906746032128.000000		inf		inf		inf

-40.643502		-40.634704		54834460387579463872883918786910484395449244465849477815402892606716100368159901649349328500636779635630640878698494067672417134498325901822603896244986308825643574845423389342016475533789902815913687995647181711157384263867965697638948405248.000000		54834460387579463872883918786910484395449244465849477815402892606716100368159901649349328500636779635630640878698494067672417134498325901822603896244986308825643574845423389342016475533789902815913687995647181711157384263867965697638948405248.000000		inf		0.000000		inf

-3985527329735009915341712638653567306498408520937029419337061816867645026439709909266281151587272635490538269177246834900728287501874689031396468596632577522529031611763906992270513289511188306241239500202957439835899689427443347338083862426887603093504.000000		-3985527329735009915341712638653567306498408520937029419337061816867645026439709909266281151587272635490538269177246834900728287501874689031396468596632577522529031611763906992270513289511188306241239500202957439835899689427443347338083862426887603093504.000000		5.341396		5.342283		0.000000		inf		inf

-442266098157089510481004045952382205797346125785784312953603079494408269605555642288481457764433958090197731214628603239368569315418821640095838020755691447245235065973669046392950757446980647428165622082123234948623987708855409025113143876465515059270909952.000000		-442266098157089510481004045952382205797346125785784312953603079494408269605555642288481457764433958090197731214628603239368569315418821640095838020755691447245235065973669046392950757446980647428165622082123234948623987708855409025113143876465515059270909952.000000		1889267275537046127252460770302097700921560348956480859898934262692623794853643217488549957745591510791316806288872985222914408791481791504175846196267399611629530315121237181543854792983755480531972945166249117844766720.000000		1889267275537046127252460770302097700921560348956480859898934262692623794853643217488549957745591510791316806288872985222914408791481791504175846196267399611629530315121237181543854792983755480531972945166249117844766720.000000		inf		inf		inf

-231989813306704593834726705917871982559214087630874492976485445779462992127090630720130132228433905172011162375024774230225680442248789244263960165823691936589447379435458106712773754180139797605438665560652794283501995928174208195778863247462007570432.000000		-231989813306704593834726705917871982559214087630874492976485445779462992127090630720130132228433905172011162375024774230225680442248789244263960165823691936589447379435458106712773754180139797605438665560652794283501995928174208195778863247462007570432.000000		90791260109908362411959916311918944071144888278582424500182999615544887165980306983735487123307494803393142233760012281291063112668303204038353926338032900371924514761726228729691667669699343039198915198775845929467603058688.000000		90791260109908362411959916311918944071144888278582424500182999615544887165980306983735487123307494803393142233760012281291063112668303204038353926338032900371924514761726228729691667669699343039198915198775845929467603058688.000000		inf		inf		0.000000

-278974245451108001698367679410498909249125787633544740157213302267886767190968933280256192845172953366882330650854156569431999499910897242312891865803956255224397485462809564906697712552790216114626836151565936369507445619732563099648.000000		-278974245451108001698367679410498909249125787633544740157213302267886767190968933280256192845172953366882330650854156569431999499910897242312891865803956255224397485462809564906697712552790216114626836151565936369507445619732563099648.000000		2448950252388669593331894711619045640955719307871301703421204921793154766146135480737171946446018699211058474338585407229796697864192016654954030804788333697499185261024339226897599368824213066481664.000000		2448950252388669593331894711619045640955719307871301703421204921793154766146135480737171946446018699211058474338585407229796697864192016654954030804788333697499185261024339226897599368824213066481664.000000		inf		inf		inf

-40.627471		-40.624749		1628651801690278432430353457419342658252448789426941195112181772709974957071354592090240931121615692173652819196331660154901875448390554605611148505948526427804104188817904046256783741220555167033899012072159958181871616.000000		1628651801690278432430353457419342658252448789426941195112181772709974957071354592090240931121615692173652819196331660154901875448390554605611148505948526427804104188817904046256783741220555167033899012072159958181871616.000000		inf		0.000000		inf

-921556352369711.875000		-921556352369711.875000		5.342975		5.346395		0.000000		921556368752640.000000		inf

-40.630166		-40.636084		5.346395		5.353462		0.000000		0.000000		inf

-40.636084		-40.636863		5.353462		5.354232		0.000000		-0.000000		0.000000

