Flexao Direita		Flexao Esquerda		Torcao Direita		Torcao Esquerda		Roll			Pitch			Yaw
.891683			21.790033		22.268640		22.268641		-28.891684		-43.425907
-41.758277		28.890812		21.791002		22.276490		22.276489		-28.890812		-43.378361
-41.760930		28.895426		21.796700		22.282118		22.282118		-28.895426		-43.564564
-41.759269		28.896895		21.797123		22.287015		22.287014		-28.896894		-43.727245
-41.761211		28.902304		21.804817		22.295307		22.295307		-28.902304		-43.751270
-41.759522		28.903462		21.802925		22.294607		22.294607		-28.903461		-43.735153
-41.756541		28.900354		21.804465		22.296977		22.296976		-28.900354		-43.828579
-41.760500		28.900822		21.800704		22.296452		22.296452		-28.900822		-44.167965
-41.761979		28.902690		21.803219		22.298309		22.298309		-28.902691		-44.393005
-41.764421		28.903633		21.806132		22.296627		22.296627		-28.903633		-44.535786
-41.763116		28.904613		21.820608		22.301085		22.301085		-28.904613		-44.581600
-41.760222		28.904681		21.822982		22.303662		22.303661		-28.904680		-44.572620
-41.756639		28.898851		21.820585		22.307890		22.307890		-28.898851		-44.599934
-41.756302		28.898985		21.811002		22.305543		22.305544		-28.898985		-44.741760
-41.759348		28.901153		21.811120		22.308474		22.308474		-28.901154		-44.862564
-41.759434		28.898800		21.802529		22.312860		22.312860		-28.898800		-45.005028
-41.770418		28.904766		21.806446		22.316619		22.316618		-28.904766		-44.915398
-41.775955		28.907724		21.806859		22.311923		22.311922		-28.907724		-44.746639
-41.774385		28.908619		21.803527		22.311914		22.311914		-28.908619		-44.643600
-41.772771		28.907563		21.799531		22.309172		22.309172		-28.907564		-44.643585
-41.773109		28.908718		21.795817		22.307113		22.307112		-28.908718		-44.679520
-41.769671		28.907205		21.800070		22.306421		22.306421		-28.907206		-44.638393
-41.766265		28.906778		21.805308		22.310661		22.310661		-28.906778		-44.638130
-41.770811		28.907628		21.814345		22.309283		22.309282		-28.907629		-44.997360
-41.770172		28.908267		21.809374		22.310618		22.310617		-28.908266		-45.205421
-41.771090		28.913133		21.814314		22.309864		22.309864		-28.913134		-45.314632
-41.767227		28.911135		21.826849		22.313760		22.313761		-28.911135		-45.062168
-41.772254		28.914168		21.827448		22.316530		22.316530		-28.914167		-44.919106
-41.769639		28.913632		21.813673		22.312027		22.312027		-28.913631		-44.811398
-41.777699		28.918734		21.811792		22.312514		22.312513		-28.918734		-44.660713
-41.781538		28.920356		21.811244		22.311822		22.311823		-28.920357		-44.606434
-41.783809		28.923303		21.823492		22.314959		22.314959		-28.923304		-44.637756
-41.785030		28.921043		21.819368		22.314038		22.314039		-28.921043		-44.547554
-41.785914		28.923013		21.828488		22.316400		22.316401		-28.923014		-44.238888
-41.789451		28.924444		21.836219		22.323341		22.323341		-28.924444		-44.154449
-41.786089		28.927787		21.847931		22.323766		22.323767		-28.927788		-44.202415
-41.782636		28.923327		21.853682		22.327537		22.327538		-28.923326		-44.161293
-41.779002		28.920302		21.859703		22.328034		22.328033		-28.920301		-44.047890
-41.783429		28.925144		21.862037		22.325156		22.325157		-28.925144		-43.991020
-41.788256		28.926094		21.859622		22.326309		22.326309		-28.926094		-43.685513
-41.778174		28.922880		21.843896		22.321748		22.321749		-28.922880		-43.497829
-41.777352		28.921203		21.860302		22.327957		22.327957		-28.921204		-43.589626
-41.769153		28.914930		21.863196		22.325062		22.325062		-28.914930		-43.648388
-41.764568		28.918352		21.863556		22.325995		22.325994		-28.918352		-43.719776
-41.766664		28.924765		21.861107		22.325636		22.325636		-28.924765		-43.942696
-41.767853		28.926695		21.851800		22.326580		22.326580		-28.926695		-44.305153
-41.766237		28.925933		21.852624		22.324287		22.324287		-28.925934		-44.480366
-41.760765		28.921879		21.865688		22.319417		22.319418		-28.921879		-44.625832
-41.765078		28.919291		21.872718		22.319952		22.319952		-28.919291		-44.777851
-41.765837		28.920059		21.870028		22.321512		22.321512		-28.920059		-44.871449
-41.759237		28.916241		21.869239		22.322093		22.322092		-28.916241		-44.832512
-41.762406		28.913185		21.873256		22.321815		22.321815		-28.913185		-44.788704
-41.770863		28.915090		21.869629		22.321354		22.321354		-28.915091		-44.698669
-41.767196		28.912956		21.870698		22.325298		22.325298		-28.912956		-44.401318
-41.773831		28.914387		21.891807		22.332055		22.332054		-28.914387		-44.430267
-41.777430		28.916501		21.890195		22.332079		22.332079		-28.916500		-44.429043
-41.764397		28.909882		21.881851		22.326838		22.326838		-28.909882		-44.312637
-41.763350		28.909664		21.887080		22.327415		22.327415		-28.909664		-44.191364
-41.768224		28.910070		21.878270		22.323703		22.323704		-28.910070		-44.110340
-41.769215		28.911699		21.873563		22.325339		22.325338		-28.911699		-44.062180
-41.759508		28.907946		21.866873		22.325079		22.325079		-28.907946		-44.123249
-41.752054		28.909114		21.877367		22.324364		22.324364		-28.909113		-44.210033
-41.752072		28.905886		21.893088		22.325769		22.325769		-28.905886		-44.313469
-41.754866		28.904008		21.899271		22.327731		22.327732		-28.904009		-44.463993
-41.758960		28.909797		21.896495		22.329920		22.329920		-28.909798		-44.577358
-41.770558		28.912239		21.890532		22.331903		22.331903		-28.912239		-44.661903
-41.778809		28.918973		21.881873		22.330904		22.330904		-28.918974		-44.798630
-41.780298		28.921036		21.882916		22.335682		22.335682		-28.921036		-44.819599
-41.776814		28.916712		21.880164		22.330308		22.330309		-28.916712		-44.859249
-41.773497		28.912655		21.868221		22.325448		22.325449		-28.912655		-44.876621
-41.774210		28.912092		21.867367		22.325377		22.325377		-28.912092		-44.885342
-41.784813		28.920086		21.866598		22.327409		22.327408		-28.920086		-44.966656
-41.789042		28.917754		21.855565		22.323912		22.323912		-28.917753		-44.988617
-41.782599		28.913994		21.852326		22.325351		22.325352		-28.913994		-44.960613
-41.785197		28.915305		21.845850		22.325283		22.325283		-28.915306		-44.933170
-41.782533		28.915121		21.857380		22.324181		22.324181		-28.915121		-45.017963
-41.786241		28.918615		21.848397		22.323249		22.323250		-28.918615		-44.983707
-41.795647		28.921726		21.857438		22.325752		22.325752		-28.921726		-44.875824
-41.796999		28.923099		21.858395		22.323350		22.323349		-28.923100		-44.761444
-41.807824		28.930779		21.861126		22.332323		22.332323		-28.930779		-44.780384
-41.811589		28.934467		21.863884		22.333786		22.333786		-28.934467		-44.799633
-41.811738		28.932763		21.860022		22.331537		22.331537		-28.932764		-44.816814
-41.808589		28.930100		21.876281		22.331713		22.331713		-28.930099		-44.817104
-41.807816		28.931865		21.866793		22.327397		22.327396		-28.931866		-44.762882
-41.808952		28.934047		21.882580		22.335887		22.335886		-28.934048		-44.603489
-41.806405		28.931220		21.872131		22.336377		22.336376		-28.931219		-44.563042
-41.806829		28.932992		21.873349		22.330786		22.330786		-28.932993		-44.548645
-41.816338		28.936732		21.871307		22.336578		22.336578		-28.936731		-44.564301
-41.815536		28.935929		21.863751		22.329022		22.329021		-28.935928		-44.773762
-41.808997		28.931384		21.857453		22.333337		22.333338		-28.931383		-44.983273
-41.809879		28.934478		21.851607		22.334411		22.334412		-28.934477		-45.062389
-41.803370		28.931503		21.845402		22.328165		22.328165		-28.931503		-44.926937
-41.805718		28.930714		21.840818		22.328614		22.328613		-28.930714		-44.758785
-41.807757		28.934430		21.832053		22.323765		22.323765		-28.934429		-44.628178
-41.810086		28.936411		21.829327		22.330025		22.330025		-28.936411		-44.593552
-41.806825		28.933409		21.836368		22.328508		22.328508		-28.933409		-44.631691
-41.802412		28.929625		21.830294		22.332325		22.332325		-28.929625		-44.771984
-41.806201		28.930957		21.819458		22.323058		22.323057		-28.930956		-45.087151
-41.816277		28.928156		21.818149		22.325727		22.325727		-28.928156		-45.482952
-41.812503		28.928474		21.817857		22.322385		22.322386		-28.928474		-45.787769
-41.813184		28.926681		21.813066		22.322989		22.322989		-28.926682		-45.968063
-41.807279		28.928433		21.804112		22.321553		22.321554		-28.928432		-45.995182
-41.808922		28.926227		21.800457		22.324106		22.324106		-28.926228		-45.985100
-41.801392		28.923450		21.805355		22.324316		22.324316		-28.923450		-45.806652
-41.798282		28.921538		21.810800		22.321914		22.321913		-28.921537		-45.511185
-41.802243		28.922183		21.802504		22.316728		22.316729		-28.922184		-45.150490
-41.805337		28.920257		21.798608		22.316327		22.316326		-28.920258		-45.045799
-41.799061		28.918556		21.808352		22.320916		22.320917		-28.918556		-44.820263
-41.804997		28.923655		21.818647		22.324388		22.324389		-28.923655		-44.689438
-41.793420		28.919591		21.822143		22.328319		22.328320		-28.919592		-44.836861
-41.793647		28.924348		21.820375		22.331309		22.331308		-28.924349		-44.932377
-41.785123		28.916306		21.814383		22.333704		22.333704		-28.916306		-44.584629
-41.777628		28.914069		21.805471		22.329975		22.329975		-28.914068		-44.334885
-41.774268		28.912126		21.825964		22.324275		22.324276		-28.912127		-44.179379
-41.773489		28.914161		21.830676		22.324391		22.324390		-28.914162		-44.122440
-41.773146		28.913728		21.829310		22.326937		22.326937		-28.913727		-44.085331
-41.773173		28.916313		21.836239		22.324965		22.324965		-28.916313		-44.191406
-41.766845		28.909985		21.839135		22.327861		22.327862		-28.909985		-44.292709
-41.774834		28.915049		21.827925		22.322976		22.322975		-28.915049		-44.356808
-41.775230		28.911381		21.839212		22.323814		22.323814		-28.911381		-44.245880
-41.765289		28.907819		21.844227		22.323707		22.323706		-28.907820		-44.184765
-41.765008		28.910763		21.853985		22.322308		22.322308		-28.910763		-44.149101
-41.770518		28.913697		21.837126		22.317749		22.317749		-28.913696		-44.174065
-41.770570		28.910606		21.840697		22.315883		22.315882		-28.910606		-44.356236
-41.779175		28.913844		21.828612		22.311796		22.311796		-28.913843		-44.481743
-41.784300		28.911812		21.834517		22.311906		22.311905		-28.911812		-44.615398
-41.786945		28.915920		21.829284		22.311650		22.311649		-28.915920		-44.775543
-41.788667		28.913249		21.822414		22.307741		22.307741		-28.913250		-44.832153
-41.790289		28.914807		21.818172		22.309174		22.309174		-28.914806		-44.777164
-41.783873		28.913738		21.817571		22.313123		22.313124		-28.913738		-44.672939
-41.785719		28.915292		21.818452		22.316029		22.316029		-28.915291		-44.675304
-41.788346		28.920841		21.821617		22.318149		22.318148		-28.920841		-44.825272
-41.791372		28.924147		21.824884		22.326840		22.326839		-28.924147		-45.171345
-41.793939		28.920394		21.809649		22.320770		22.320770		-28.920393		-45.452473
-41.795258		28.921183		21.806729		22.322848		22.322847		-28.921183		-45.584782
-41.792891		28.919082		21.803273		22.320597		22.320597		-28.919083		-45.517826
-41.792181		28.918372		21.806075		22.323399		22.323399		-28.918371		-45.437973
-41.795310		28.921289		21.802849		22.321997		22.321997		-28.921289		-45.256500
-41.800091		28.926070		21.800284		22.319433		22.319433		-28.926069		-45.002670
-41.800127		28.928440		21.790285		22.317168		22.317169		-28.928440		-44.851871
-41.800192		28.926476		21.797415		22.316590		22.316589		-28.926476		-44.892345
-41.789976		28.920414		21.796883		22.318878		22.318878		-28.920414		-45.016075
-41.785532		28.923133		21.806687		22.322747		22.322746		-28.923132		-44.946732
-41.786265		28.919823		21.803343		22.326855		22.326855		-28.919823		-44.862431
-41.788873		28.922303		21.803433		22.322475		22.322475		-28.922302		-44.789852
-41.796269		28.929181		21.803624		22.323512		22.323511		-28.929180		-44.827785
-41.799189		28.932101		21.806045		22.325933		22.325933		-28.932100		-44.821129
-41.815917		28.930479		21.794871		22.322773		22.322773		-28.930479		-44.858063
-41.822155		28.929543		21.797708		22.322904		22.322905		-28.929543		-44.903725
-41.817203		28.924943		21.806638		22.322571		22.322571		-28.924942		-44.882782
-41.820222		28.923187		21.799190		22.322993		22.322992		-28.923187		-44.860416
-41.813208		28.925151		21.783536		22.315953		22.315952		-28.925152		-44.855274
-41.806096		28.925790		21.787831		22.319899		22.319899		-28.925789		-44.939804
-41.805144		28.925462		21.782350		22.317201		22.317202		-28.925463		-45.131207
-41.802955		28.922894		21.780243		22.316830		22.316830		-28.922894		-45.494263
-41.804061		28.923983		21.784867		22.321873		22.321873		-28.923983		-45.746090
-41.799175		28.926087		21.779401		22.318186		22.318186		-28.926086		-45.844749
-41.799235		28.929041		21.783058		22.315934		22.315933		-28.929041		-45.861889
-41.803582		28.933388		21.782654		22.315529		22.315529		-28.933388		-45.825687
-41.789426		28.927200		21.783823		22.316946		22.316946		-28.927200		-45.812649
-41.787579		28.924973		21.798034		22.321207		22.321207		-28.924973		-45.646580
-41.782069		28.923655		21.797269		22.320836		22.320837		-28.923655		-45.591633
-41.781860		28.923041		21.795687		22.321893		22.321894		-28.923040		-45.469101
-41.782847		28.925400		21.793385		22.323408		22.323408		-28.925400		-45.345665
-41.780406		28.926906		21.790066		22.326582		22.326582		-28.926907		-45.193489
-41.788312		28.932763		21.803504		22.327147		22.327147		-28.932764		-45.128490
-41.780645		28.929980		21.801743		22.331157		22.331156		-28.929979		-45.133499
-41.784844		28.932179		21.818574		22.332524		22.332525		-28.932178		-45.139709
-41.789975		28.937831		21.813603		22.331461		22.331461		-28.937832		-44.995693
-41.789366		28.932729		21.829111		22.331394		22.331394		-28.932730		-44.902695
-41.792006		28.936076		21.833096		22.328124		22.328123		-28.936075		-44.774471
-41.785916		28.931664		21.847440		22.324473		22.324472		-28.931664		-44.624886
-41.786655		28.926602		21.876449		22.324519		22.324520		-28.926603		-44.548027
-41.791979		28.928160		21.858757		22.319016		22.319016		-28.928160		-44.488792
-41.789113		28.923399		21.861026		22.323758		22.323757		-28.923399		-44.564571
-41.787432		28.922508		21.855318		22.320636		22.320637		-28.922508		-44.497066
-41.790451		28.925527		21.856038		22.321357		22.321358		-28.925528		-44.333603
-41.791030		28.922778		21.856484		22.324502		22.324503		-28.922777		-44.332294
-41.789779		28.922221		21.862925		22.324193		22.324194		-28.922220		-44.378384
-41.791416		28.920162		21.856253		22.327666		22.327667		-28.920162		-44.531364
-41.788539		28.916781		21.867227		22.323913		22.323914		-28.916780		-44.446732
-41.787305		28.919533		21.887830		22.322909		22.322908		-28.919533		-44.541458
-41.789529		28.919724		21.913211		22.329966		22.329966		-28.919724		-44.674999
-41.783871		28.921514		21.920589		22.339209		22.339209		-28.921515		-44.745770
-41.777273		28.918550		21.912439		22.334985		22.334986		-28.918550		-44.890987
-41.780442		28.921832		21.900972		22.330276		22.330276		-28.921831		-44.978500
-41.774555		28.918891		21.899565		22.329676		22.329676		-28.918892		-45.025772
-41.776037		28.918198		21.884278		22.321681		22.321682		-28.918198		-45.067188
-41.773557		28.915719		21.885784		22.323188		22.323187		-28.915718		-44.968636
-41.773196		28.916934		21.875822		22.325944		22.325943		-28.916935		-44.844585
-41.770156		28.912464		21.867906		22.320261		22.320261		-28.912464		-44.840672
-41.780475		28.918492		21.871578		22.323606		22.323606		-28.918491		-44.814201
-41.772614		28.910630		21.873588		22.325616		22.325615		-28.910629		-44.715714
-41.776353		28.918089		21.859893		22.327036		22.327036		-28.918089		-44.614639
-41.778368		28.919089		21.854352		22.318114		22.318115		-28.919088		-44.397701
-41.783259		28.923980		21.865446		22.329208		22.329208		-28.923979		-44.287731
-41.793305		28.928272		21.863914		22.329768		22.329769		-28.928272		-44.208649
-41.795628		28.928484		21.855755		22.327977		22.327978		-28.928484		-44.194862
-41.794208		28.923331		21.863227		22.325281		22.325281		-28.923330		-44.139507
-41.797962		28.926469		21.860925		22.329190		22.329189		-28.926470		-44.250885
-41.794640		28.923816		21.856033		22.325307		22.325306		-28.923817		-44.266598
-41.801048		28.927244		21.863954		22.332581		22.332581		-28.927244		-44.387806
-41.797455		28.923495		21.857435		22.326915		22.326916		-28.923494		-44.448772
-41.798776		28.924092		21.849835		22.327955		22.327955		-28.924093		-44.555664
-41.802600		28.928409		21.855288		22.328694		22.328695		-28.928410		-44.669659
-41.791910		28.926022		21.858641		22.326220		22.326220		-28.926022		-44.791527
-41.795858		28.929970		21.863776		22.331355		22.331354		-28.929970		-44.877804
-41.796387		28.929615		21.860312		22.326387		22.326387		-28.929615		-44.944679
-41.792024		28.921886		21.873755		22.330482		22.330482		-28.921886		-44.870766
-41.799219		28.924898		21.862430		22.330624		22.330624		-28.924898		-44.762920
-41.796584		28.925411		21.877171		22.330274		22.330275		-28.925411		-44.711334
-41.794111		28.926346		21.873530		22.329456		22.329456		-28.926346		-44.665833
-41.790086		28.930267		21.883529		22.329246		22.329247		-28.930267		-44.652733
-41.787395		28.927576		21.881702		22.327419		22.327419		-28.927576		-44.614288
-41.784896		28.924649		21.874156		22.329478		22.329477		-28.924648		-44.660484
-41.785145		28.926510		21.884879		22.331957		22.331957		-28.926510		-44.825363
-41.785003		28.926380		21.871659		22.328725		22.328726		-28.926380		-44.990292
-41.785009		28.927893		21.860771		22.326225		22.326225		-28.927893		-45.056133
-41.776841		28.927316		21.839236		22.316649		22.316648		-28.927317		-44.955791
-41.779287		28.925243		21.844658		22.319405		22.319405		-28.925243		-44.847816
-41.774774		28.920664		21.833806		22.319754		22.319754		-28.920664		-44.902905
-41.770823		28.916712		21.833343		22.319291		22.319290		-28.916712		-44.982315
-41.773366		28.920288		21.840690		22.320100		22.320101		-28.920288		-45.056103
-41.772879		28.919110		21.845417		22.328739		22.328739		-28.919109		-45.215950
-41.778341		28.915162		21.839674		22.330795		22.330795		-28.915161		-45.303429
-41.775001		28.911822		21.840963		22.332084		22.332085		-28.911821		-45.326187
-41.774724		28.912850		21.827751		22.329287		22.329287		-28.912849		-45.553825
-41.776398		28.914465		21.831132		22.331204		22.331205		-28.914465		-45.680798
-41.767987		28.914493		21.830634		22.325546		22.325546		-28.914492		-45.794685
-41.773542		28.921804		21.825529		22.323748		22.323748		-28.921804		-45.889896
-41.776598		28.924051		21.833596		22.320990		22.320990		-28.924051		-45.963318
-41.772532		28.920517		21.830437		22.321736		22.321735		-28.920517		-46.080864
-41.782534		28.925995		21.835965		22.328508		22.328508		-28.925995		-45.987125
-41.783135		28.924724		21.833429		22.332654		22.332655		-28.924725		-45.972507
-41.784435		28.923020		21.829806		22.333242		22.333242		-28.923019		-46.165878
-41.783445		28.925981		21.828639		22.335965		22.335964		-28.925982		-46.364101
-41.781105		28.924359		21.831836		22.331302		22.331303		-28.924358		-46.384315
-41.784656		28.925534		21.832545		22.337563		22.337563		-28.925533		-46.396908
-41.781107		28.921985		21.826369		22.331387		22.331387		-28.921986		-46.444836
-41.799603		28.923228		21.831091		22.334847		22.334846		-28.923229		-46.568653
-41.802708		28.923413		21.829950		22.338316		22.338316		-28.923412		-46.596287
-41.808846		28.923631		21.831209		22.332120		22.332119		-28.923632		-46.547993
-41.816165		28.926568		21.828434		22.330151		22.330151		-28.926569		-46.470207
-41.810874		28.923628		21.820644		22.325749		22.325748		-28.923628		-46.452396
-41.807533		28.922733		21.818014		22.326889		22.326889		-28.922733		-46.446136
-41.801829		28.919742		21.828360		22.332818		22.332819		-28.919741		-46.490295
-41.808480		28.927190		21.820097		22.336412		22.336412		-28.927191		-46.655880
-41.799587		28.918297		21.815107		22.331423		22.331423		-28.918297		-46.704372
-41.807526		28.920739		21.811594		22.331510		22.331511		-28.920738		-46.767796
-41.802949		28.918618		21.817465		22.330093		22.330093		-28.918617		-46.728821
-41.799633		28.914499		21.813367		22.324796		22.324797		-28.914499		-46.543579
-41.805286		28.920869		21.806585		22.321951		22.321951		-28.920868		-46.496597
-41.794871		28.916012		21.793090		22.317916		22.317917		-28.916012		-46.489254
-41.797072		28.918608		21.795476		22.319827		22.319826		-28.918608		-46.570347
-41.801232		28.921005		21.794953		22.320647		22.320646		-28.921005		-46.507317
-41.801909		28.921681		21.798395		22.324089		22.324089		-28.921680		-46.304581
-41.804220		28.917949		21.790228		22.317206		22.317205		-28.917948		-46.088802
-41.807198		28.927005		21.797096		22.316830		22.316830		-28.927006		-45.850250
-41.808547		28.920749		21.798023		22.317507		22.317507		-28.920750		-45.802448
-41.811569		28.926370		21.796098		22.320111		22.320110		-28.926371		-45.844650
-41.811050		28.922176		21.805691		22.320471		22.320471		-28.922176		-45.792629
-41.823160		28.933026		21.799785		22.322645		22.322645		-28.933025		-45.533569
-41.811607		28.926452		21.794229		22.319713		22.319714		-28.926453		-45.379765
-41.806722		28.923413		21.791017		22.322609		22.322609		-28.923412		-45.288418
-41.806999		28.923689		21.790307		22.321898		22.321898		-28.923689		-45.296646
-41.802063		28.920763		21.788493		22.319303		22.319304		-28.920763		-45.315449
-41.808337		28.923095		21.809986		22.323165		22.323166		-28.923096		-45.246181
-41.806367		28.918089		21.806827		22.325052		22.325052		-28.918089		-45.216408
-41.800816		28.918847		21.793278		22.321977		22.321978		-28.918846		-45.271370
-41.796680		28.914711		21.791927		22.320626		22.320625		-28.914711		-45.220829
-41.797991		28.915964		21.794167		22.323104		22.323103		-28.915964		-45.232822
-41.790351		28.911398		21.783977		22.315488		22.315489		-28.911398		-45.370674
-41.797338		28.916057		21.788422		22.314148		22.314148		-28.916058		-45.489670
-41.796275		28.914305		21.788967		22.317742		22.317741		-28.914305		-45.425228
-41.790829		28.914793		21.784137		22.316786		22.316786		-28.914793		-45.498196
-41.791054		28.916866		21.782423		22.321142		22.321142		-28.916866		-45.528957
-41.789502		28.913799		21.788945		22.322870		22.322870		-28.913799		-45.455532
-41.790781		28.914267		21.782726		22.325933		22.325933		-28.914267		-45.463715
-41.798331		28.915978		21.793375		22.328640		22.328640		-28.915977		-45.486088
-41.796176		28.913823		21.796512		22.331776		22.331776		-28.913824		-45.418339
-41.792579		28.912478		21.793330		22.330595		22.330595		-28.912477		-45.232845
-41.788200		28.914253		21.792005		22.336906		22.336906		-28.914253		-45.131783
-41.787154		28.915879		21.788415		22.332794		22.332794		-28.915878		-44.884678
-41.783021		28.914031		21.788571		22.331910		22.331909		-28.914032		-44.663773
-41.778401		28.910193		21.788863		22.334075		22.334074		-28.910192		-44.506786
-41.779340		28.912823		21.784315		22.333602		22.333601		-28.912823		-44.534229
-41.793174		28.914605		21.784380		22.336655		22.336655		-28.914606		-44.893433
-41.795719		28.915616		21.775978		22.333692		22.333693		-28.915617		-45.083382
-41.799788		28.921128		21.776377		22.338547		22.338547		-28.921127		-45.268948
-41.794832		28.920363		21.777957		22.341583		22.341583		-28.920362		-45.480415
-41.797828		28.923344		21.777169		22.336134		22.336134		-28.923344		-45.626202
-41.797370		28.921162		21.792737		22.341055		22.341055		-28.921162		-45.552956
-41.792941		28.916374		21.805023		22.341067		22.341066		-28.916374		-45.412777
-41.788237		28.910842		21.793886		22.336312		22.336311		-28.910841		-44.966141
-41.788700		28.909380		21.789750		22.335589		22.335590		-28.909380		-44.957047
-41.789139		28.912495		21.799070		22.336324		22.336323		-28.912495		-45.109318
-41.795166		28.918522		21.796844		22.334097		22.334097		-28.918522		-45.250481
-41.795562		28.918382		21.787189		22.328489		22.328489		-28.918383		-45.380383
-41.789301		28.918259		21.792960		22.329593		22.329592		-28.918259		-45.456749
-41.783919		28.919018		21.778047		22.327100		22.327099		-28.919018		-45.502731
-41.785080		28.923529		21.788853		22.331988		22.331987		-28.923529		-45.368900
-41.783353		28.923642		21.791605		22.329523		22.329523		-28.923641		-45.240799
-41.785402		28.925691		21.791125		22.329043		22.329042		-28.925690		-45.030579
-41.779897		28.917795		21.788392		22.328264		22.328264		-28.917795		-44.849277
-41.781902		28.919339		21.793897		22.332869		22.332869		-28.919338		-44.760128
-41.774207		28.914274		21.785626		22.328565		22.328564		-28.914274		-44.642410
-41.767813		28.913588		21.784820		22.329379		22.329380		-28.913588		-44.542381
-41.759549		28.911197		21.788458		22.333472		22.333471		-28.911198		-44.425568
-41.762438		28.918362		21.792757		22.334140		22.334139		-28.918362		-44.388287
-41.763960		28.919052		21.786173		22.330284		22.330284		-28.919052		-44.500988
-41.758171		28.916791		21.788744		22.327776		22.327776		-28.916790		-44.673550
-41.760260		28.915176		21.810899		22.322269		22.322269		-28.915176		-44.829685
-41.762697		28.914704		21.811221		22.325276		22.325275		-28.914703		-45.012463
-41.759401		28.914014		21.807780		22.328536		22.328535		-28.914015		-45.154884
-41.750366		28.911200		21.822225		22.326640		22.326641		-28.911200		-45.188599
-41.752849		28.910476		21.820720		22.328085		22.328085		-28.910477		-45.057152
-41.749486		28.911170		21.824789		22.321415		22.321415		-28.911169		-44.969608
-41.751288		28.912508		21.826465		22.319528		22.319529		-28.912508		-44.833778
-41.751340		28.909783		21.819215		22.318632		22.318632		-28.909782		-44.803535
-41.748185		28.906628		21.824144		22.323561		22.323561		-28.906628		-45.092388
-41.752251		28.907495		21.838867		22.325914		22.325914		-28.907495		-45.321953
-41.752889		28.908134		21.836570		22.323618		22.323618		-28.908134		-45.423985
-41.755361		28.908038		21.855034		22.330957		22.330957		-28.908037		-45.589264
-41.759444		28.908721		21.859910		22.327007		22.327007		-28.908722		-45.521858
-41.761568		28.910845		21.856200		22.323297		22.323298		-28.910845		-45.439739
-41.762879		28.911757		21.844700		22.318596		22.318596		-28.911757		-45.397076
-41.768494		28.914919		21.834225		22.323269		22.323269		-28.914919		-45.494034
-41.755296		28.910907		21.833740		22.325983		22.325983		-28.910906		-45.560841
-41.759817		28.912785		21.828032		22.329222		22.329222		-28.912785		-45.510986
-41.773312		28.915135		21.821864		22.323343		22.323343		-28.915134		-45.622952
-41.783681		28.919806		21.811658		22.322778		22.322777		-28.919806		-45.583233
-41.779065		28.921459		21.802907		22.319042		22.319042		-28.921459		-45.559044
-41.777894		28.920288		21.807226		22.323360		22.323360		-28.920288		-45.656876
-41.786472		28.926770		21.804226		22.318019		22.318018		-28.926769		-45.622707
-41.783975		28.923809		21.795560		22.315685		22.315685		-28.923809		-45.571674
-41.789496		28.920896		21.805757		22.317718		22.317719		-28.920897		-45.528248
-41.787076		28.921200		21.803570		22.321355		22.321356		-28.921200		-45.426723
-41.794612		28.922419		21.797199		22.326025		22.326025		-28.922419		-45.490627
-41.794891		28.920042		21.795326		22.323987		22.323986		-28.920042		-45.562870
-41.791403		28.921080		21.798509		22.329528		22.329527		-28.921080		-45.530956
-41.791365		28.922173		21.802746		22.328645		22.328646		-28.922173		-45.549465
-41.791055		28.920582		21.816213		22.328474		22.328474		-28.920582		-45.515865
-41.794761		28.924345		21.812873		22.330690		22.330690		-28.924345		-45.621151
-41.796325		28.923228		21.820292		22.331350		22.331350		-28.923229		-45.779259
-41.796638		28.925756		21.818666		22.334934		22.334934		-28.925756		-45.764641
-41.795347		28.924465		21.823381		22.339648		22.339649		-28.924465		-45.720955
-41.800079		28.925192		21.820449		22.338202		22.338202		-28.925192		-45.688339
-41.798102		28.923215		21.814068		22.331821		22.331821		-28.923214		-45.569931
-41.798711		28.923665		21.815020		22.335038		22.335037		-28.923666		-45.468018
-41.796265		28.924188		21.813451		22.334515		22.334515		-28.924189		-45.412369
-41.796257		28.928658		21.810735		22.332111		22.332111		-28.928658		-45.396599
-41.790068		28.926090		21.802398		22.326975		22.326975		-28.926090		-45.246662
-41.795723		28.930369		21.804687		22.330040		22.330040		-28.930368		-45.055050
-41.793386		28.927866		21.813622		22.324634		22.324635		-28.927866		-44.936932
-41.801676		28.934928		21.818062		22.324779		22.324780		-28.934929		-44.944839
-41.807398		28.935345		21.816645		22.326599		22.326599		-28.935345		-44.937553
-41.796741		28.931486		21.805520		22.318552		22.318552		-28.931486		-44.906586
-41.797378		28.932268		21.813927		22.327243		22.327244		-28.932268		-45.022018
-41.796739		28.931629		21.814002		22.327318		22.327318		-28.931629		-45.127666
-41.798855		28.931117		21.806452		22.322831		22.322830		-28.931118		-45.196560
-41.797901		28.933163		21.801340		22.324791		22.324791		-28.933163		-45.217285
-41.806309		28.935133		21.793882		22.320548		22.320547		-28.935133		-45.178242
-41.804360		28.936346		21.816126		22.320613		22.320612		-28.936346		-45.212299
-41.803911		28.938323		21.809204		22.316634		22.316633		-28.938324		-45.359009
-41.803939		28.939368		21.806381		22.320594		22.320593		-28.939367		-45.656727
-41.799452		28.933542		21.801056		22.318179		22.318180		-28.933542		-45.985085
-41.802768		28.935017		21.826603		22.327499		22.327499		-28.935017		-46.094753
-41.793712		28.928471		21.814357		22.324738		22.324738		-28.928471		-46.053802
-41.794746		28.929505		21.816741		22.327122		22.327122		-28.929504		-46.076836
-41.787089		28.925575		21.816122		22.329722		22.329721		-28.925575		-46.034634
-41.792337		28.925694		21.815496		22.328167		22.328167		-28.925694		-45.874958
-41.787553		28.927132		21.811050		22.329907		22.329906		-28.927132		-45.844578
-41.791005		28.933081		21.805752		22.327443		22.327442		-28.933081		-45.898979
-41.784051		28.931377		21.808374		22.328773		22.328773		-28.931377		-45.980057
-41.778667		28.934846		21.814789		22.331628		22.331629		-28.934847		-46.005760
-41.779272		28.935451		21.811994		22.328833		22.328833		-28.935452		-45.997242
-41.782793		28.938945		21.835322		22.328083		22.328083		-28.938944		-45.971359
-41.788474		28.935168		21.835140		22.324922		22.324923		-28.935167		-45.863750
-41.792357		28.937667		21.844294		22.326483		22.326483		-28.937668		-45.818508
-41.797182		28.941031		21.856602		22.337326		22.337326		-28.941031		-45.787617
-41.796690		28.940065		21.863117		22.344942		22.344942		-28.940065		-45.662746
-41.800046		28.941369		21.853990		22.340866		22.340866		-28.941370		-45.407528
-41.796450		28.941065		21.866229		22.341680		22.341681		-28.941065		-45.277721
-41.795385		28.934751		21.858098		22.342322		22.342321		-28.934752		-45.297752
-41.795761		28.936489		21.853297		22.345148		22.345148		-28.936489		-45.202671
-41.798780		28.931360		21.848824		22.344476		22.344475		-28.931360		-45.178501
-41.801933		28.923023		21.824909		22.342080		22.342079		-28.923023		-45.219273
-41.805874		28.927019		21.815172		22.341277		22.341278		-28.927019		-45.296082
-41.799556		28.920701		21.813183		22.339288		22.339289		-28.920702		-45.214867
-41.799620		28.919967		21.826716		22.343181		22.343182		-28.919968		-45.071209
-41.794822		28.914766		21.836041		22.341479		22.341478		-28.914766		-45.043613
-41.793361		28.917187		21.839358		22.342076		22.342077		-28.917187		-45.067974
-41.786650		28.917812		21.837942		22.343022		22.343023		-28.917812		-45.108551
-41.790545		28.919028		21.832949		22.340215		22.340216		-28.919027		-45.144974
-41.786019		28.918973		21.844102		22.343000		22.343000		-28.918974		-45.206001
-41.780644		28.918632		21.855491		22.337206		22.337206		-28.918633		-45.175797
-41.781726		28.922781		21.883176		22.342053		22.342052		-28.922781		-45.070103
-41.784623		28.919882		21.871601		22.339920		22.339920		-28.919882		-45.020943
-41.782813		28.918072		21.871725		22.340044		22.340044		-28.918072		-45.130703
-41.781140		28.916244		21.869239		22.338916		22.338915		-28.916245		-45.322979
-41.781591		28.916986		21.868761		22.337355		22.337355		-28.916986		-45.618961
-41.781265		28.914902		21.855716		22.336433		22.336433		-28.914902		-45.773914
-41.780287		28.917293		21.849959		22.334473		22.334473		-28.917294		-46.073902
-41.783955		28.917231		21.855763		22.336115		22.336115		-28.917231		-46.204727
-41.784711		28.916658		21.850357		22.337891		22.337891		-28.916658		-46.265095
-41.792394		28.918389		21.851656		22.336069		22.336069		-28.918388		-46.236797
-41.796170		28.916606		21.859465		22.335687		22.335688		-28.916607		-46.154888
-41.798048		28.918485		21.859159		22.335381		22.335381		-28.918486		-46.179600
-41.796147		28.915893		21.877592		22.336479		22.336479		-28.915894		-46.109455
-41.795076		28.914991		21.878695		22.335064		22.335064		-28.914991		-45.872162
-41.791075		28.914441		21.862120		22.335480		22.335480		-28.914442		-45.855576
-41.798485		28.915374		21.869099		22.336291		22.336290		-28.915373		-45.802357
-41.794079		28.914131		21.872255		22.337020		22.337021		-28.914131		-45.690037
-41.794448		28.911945		21.870099		22.334719		22.334719		-28.911945		-45.527462
-41.796840		28.913891		21.872431		22.331739		22.331739		-28.913891		-45.394276
-41.789970		28.914527		21.865900		22.328682		22.328682		-28.914526		-45.324760
-41.791541		28.916098		21.859699		22.322481		22.322481		-28.916098		-45.291039
-41.790020		28.913137		21.873506		22.325884		22.325884		-28.913137		-45.225204
-41.781409		28.910360		21.863844		22.323790		22.323790		-28.910360		-45.105568
-41.775941		28.910575		21.861947		22.320515		22.320515		-28.910576		-45.144760
-41.773721		28.908018		21.839858		22.309385		22.309385		-28.908018		-45.150543
-41.775602		28.912252		21.846142		22.305649		22.305649		-28.912252		-45.195541
-41.776493		28.915131		21.842266		22.308863		22.308863		-28.915131		-45.355083
-41.780953		28.918276		21.833367		22.304760		22.304760		-28.918276		-45.374203
-41.774171		28.914380		21.839321		22.302234		22.302235		-28.914379		-45.368782
-41.770012		28.908649		21.831322		22.302070		22.302071		-28.908649		-45.417557
-41.769490		28.907457		21.848566		22.303074		22.303074		-28.907457		-45.364670
-41.768865		28.906832		21.849486		22.303995		22.303995		-28.906832		-45.157330
-41.767279		28.906409		21.838196		22.297057		22.297056		-28.906408		-44.986824
-41.773856		28.906416		21.833587		22.299956		22.299957		-28.906416		-44.926739
-41.769844		28.904377		21.827260		22.304693		22.304693		-28.904377		-44.765163
-41.767084		28.903366		21.822558		22.307581		22.307581		-28.903366		-44.624409
-41.767221		28.900900		21.817549		22.309392		22.309393		-28.900900		-44.629944
-41.766533		28.902874		21.816045		22.313270		22.313271		-28.902874		-44.724312
-41.767462		28.903803		21.818048		22.315273		22.315273		-28.903803		-44.893829
-41.771918		28.908414		21.818945		22.313545		22.313545		-28.908413		-45.036037
-41.773363		28.907649		21.819186		22.311793		22.311792		-28.907648		-45.147972
-41.770135		28.908018		21.845413		22.312888		22.312887		-28.908018		-45.086098
-41.774526		28.913683		21.841987		22.313123		22.313124		-28.913683		-45.026123
-41.778711		28.917225		21.826547		22.309911		22.309912		-28.917225		-45.064194
-41.781315		28.920756		21.826205		22.311344		22.311344		-28.920755		-45.009586
-41.785346		28.923215		21.826540		22.315174		22.315174		-28.923214		-45.018734
-41.776207		28.923351		21.818024		22.309821		22.309820		-28.923351		-45.054443
-41.776466		28.923611		21.818077		22.309874		22.309874		-28.923611		-45.127323
-41.776358		28.922549		21.816660		22.310634		22.310633		-28.922548		-45.192314
-41.780757		28.920626		21.812126		22.310972		22.310972		-28.920626		-45.330364
-41.782396		28.924710		21.811893		22.308839		22.308840		-28.924711		-45.517670
-41.791161		28.928648		21.806817		22.309611		22.309610		-28.928648		-45.594025
-41.789021		28.929516		21.801324		22.310408		22.310408		-28.929516		-45.857456
-41.792532		28.931575		21.795146		22.309391		22.309391		-28.931576		-45.976597
-41.792458		28.930919		21.784163		22.306643		22.306643		-28.930920		-46.092323
-41.793189		28.930909		21.794260		22.307944		22.307943		-28.930908		-45.979168
-41.791178		28.928897		21.790500		22.304184		22.304184		-28.928898		-45.818321
-41.787369		28.926838		21.797038		22.304831		22.304831		-28.926838		-45.815723
-41.782551		28.925448		21.792169		22.303168		22.303167		-28.925447		-45.934578
-41.786865		28.925540		21.790196		22.301806		22.301805		-28.925541		-46.074257
-41.792392		28.927501		21.787790		22.302586		22.302586		-28.927500		-46.021694
-41.795986		28.928566		21.790505		22.304522		22.304522		-28.928566		-45.955399
-41.794441		28.926664		21.798428		22.306040		22.306040		-28.926664		-45.837719
-41.795574		28.924519		21.799352		22.304473		22.304472		-28.924519		-45.618732
-41.794608		28.923553		21.802738		22.307859		22.307859		-28.923553		-45.309612
-41.794095		28.925827		21.805381		22.308093		22.308092		-28.925827		-45.159260
-41.783881		28.930543		21.792016		22.307485		22.307486		-28.930544		-45.236790
-41.781923		28.929335		21.795704		22.305537		22.305536		-28.929335		-45.316067
-41.776963		28.928515		21.787037		22.304504		22.304504		-28.928514		-45.502197
-41.770890		28.930735		21.794481		22.307241		22.307241		-28.930735		-45.711788
-41.768800		28.927357		21.795871		22.302466		22.302467		-28.927357		-45.783119
-41.773421		28.933358		21.808747		22.306824		22.306824		-28.933357		-45.868992
-41.776120		28.933808		21.814266		22.307973		22.307974		-28.933807		-46.075027
-41.778077		28.935765		21.813507		22.307215		22.307215		-28.935764		-46.161434
-41.782159		28.938227		21.827283		22.306643		22.306643		-28.938227		-46.177765
-41.789707		28.944603		21.848929		22.312428		22.312428		-28.944603		-46.197800
-41.789772		28.942394		21.856937		22.313000		22.313000		-28.942394		-46.360798
-41.794918		28.941069		21.846761		22.312222		22.312222		-28.941069		-46.472843
-41.796199		28.937855		21.839748		22.311146		22.311146		-28.937855		-46.476505
-41.792856		28.935663		21.843250		22.304391		22.304390		-28.935663		-46.399403
-41.787983		28.934095		21.852644		22.308431		22.308432		-28.934095		-46.229687
-41.787218		28.933330		21.852596		22.308383		22.308384		-28.933331		-46.086983
-41.781910		28.930086		21.847731		22.305332		22.305332		-28.930086		-45.897987
-41.782913		28.928652		21.842007		22.306286		22.306286		-28.928652		-45.850075
-41.779916		28.926555		21.833570		22.309428		22.309427		-28.926554		-45.871395
-41.784831		28.923922		21.819907		22.309018		22.309019		-28.923922		-45.898777
-41.779366		28.918457		21.817885		22.306997		22.306997		-28.918457		-45.758167
-41.778303		28.914933		21.823127		22.305473		22.305473		-28.914932		-45.750191
-41.772900		28.908957		21.819472		22.306226		22.306227		-28.908957		-45.943432
-41.773473		28.910958		21.815953		22.306995		22.306995		-28.910957		-45.957405
-41.770357		28.910186		21.827859		22.305398		22.305399		-28.910187		-45.981724
-41.772605		28.912635		21.818672		22.302789		22.302790		-28.912634		-46.109371
-41.765902		28.913779		21.811263		22.301092		22.301092		-28.913778		-46.157871
-41.763811		28.912034		21.813506		22.300267		22.300266		-28.912033		-46.085682
-41.761500		28.914755		21.798513		22.295457		22.295458		-28.914755		-45.872303
-41.764250		28.917505		21.800067		22.297011		22.297010		-28.917505		-45.764709
-41.761354		28.920530		21.812568		22.304253		22.304253		-28.920530		-45.736443
-41.751428		28.917259		21.800096		22.299552		22.299551		-28.917259		-45.619354
-41.749823		28.914486		21.810619		22.299167		22.299168		-28.914486		-45.389381
-41.749892		28.914554		21.812192		22.300740		22.300739		-28.914555		-45.224213
-41.749338		28.910763		21.807210		22.296509		22.296509		-28.910763		-45.161175
-41.750861		28.911019		21.809719		22.294960		22.294960		-28.911020		-45.142628
-41.754509		28.908923		21.808723		22.295165		22.295164		-28.908922		-45.095211
-41.756717		28.910022		21.802208		22.290934		22.290934		-28.910023		-45.105461
-41.761027		28.912519		21.811747		22.294921		22.294920		-28.912519		-45.229187
-41.760368		28.909609		21.812010		22.294033		22.294033		-28.909609		-45.247185
-41.762022		28.908649		21.806226		22.291753		22.291754		-28.908649		-45.305447
-41.772263		28.916552		21.794766		22.291495		22.291496		-28.916552		-45.504219
-41.776932		28.917546		21.795638		22.291164		22.291164		-28.917545		-45.603382
-41.774545		28.920384		21.790861		22.290703		22.290703		-28.920383		-45.638992
-41.779914		28.920384		21.790011		22.299067		22.299067		-28.920383		-45.621613
-41.780228		28.920698		21.783495		22.292551		22.292551		-28.920698		-45.540508
-41.776464		28.918563		21.779016		22.292139		22.292139		-28.918564		-45.493904
-41.775075		28.917484		21.785111		22.298512		22.298512		-28.917484		-45.475777
-41.774562		28.916354		21.796578		22.295602		22.295603		-28.916353		-45.383896
-41.774326		28.919991		21.796522		22.299451		22.299452		-28.919991		-45.238113
-41.772021		28.919373		21.786340		22.299084		22.299084		-28.919373		-45.137794
-41.774402		28.917911		21.775576		22.296753		22.296753		-28.917912		-45.031715
-41.766472		28.912047		21.752263		22.289668		22.289669		-28.912046		-44.831192
-41.765262		28.911320		21.750986		22.296259		22.296259		-28.911320		-44.701317
-41.757836		28.911559		21.757437		22.294260		22.294260		-28.911558		-44.678162
-41.763064		28.913806		21.762446		22.294748		22.294748		-28.913807		-44.597828
-41.764092		28.914834		21.763798		22.296101		22.296101		-28.914835		-44.707901
-41.762073		28.915579		21.757458		22.292418		22.292418		-28.915579		-44.841881
-41.752400		28.912102		21.768654		22.294613		22.294613		-28.912102		-45.036987
-41.761267		28.919137		21.765838		22.291531		22.291531		-28.919138		-45.177155
-41.764477		28.917829		21.758814		22.290922		22.290922		-28.917830		-45.256676
-41.763901		28.912187		21.774802		22.290012		22.290012		-28.912188		-45.322575
-41.762621		28.911453		21.772356		22.291432		22.291431		-28.911453		-45.287376
-41.767145		28.912273		21.778813		22.293304		22.293304		-28.912273		-45.114857
-41.765686		28.911364		21.776388		22.292909		22.292910		-28.911364		-45.207458
-41.772848		28.915152		21.788735		22.289624		22.289623		-28.915152		-45.468208
-41.772484		28.914670		21.784383		22.289774		22.289774		-28.914671		-45.698826
-41.772530		28.912163		21.789450		22.292260		22.292261		-28.912163		-45.759365
-41.777045		28.918710		21.813019		22.289747		22.289747		-28.918711		-45.739750
-41.781471		28.918399		21.830277		22.294115		22.294115		-28.918400		-45.796238
-41.777404		28.914332		21.825506		22.289344		22.289345		-28.914331		-45.896385
-41.771807		28.912498		21.830485		22.286832		22.286833		-28.912498		-45.879417
-41.779217		28.914595		21.830405		22.289142		22.289143		-28.914595		-45.772442
-41.776476		28.915701		21.819876		22.295016		22.295017		-28.915701		-45.650669
-41.772132		28.919421		21.834284		22.292957		22.292957		-28.919420		-45.613358
-41.770767		28.915261		21.846071		22.296522		22.296522		-28.915260		-45.620960
-41.777044		28.921538		21.849819		22.300271		22.300270		-28.921537		-45.627907
-41.782401		28.922665		21.844552		22.299929		22.299929		-28.922665		-45.424210
-41.782496		28.925561		21.836542		22.300578		22.300577		-28.925560		-45.246864
-41.779100		28.920909		21.840954		22.297477		22.297478		-28.920910		-45.160400
-41.785978		28.923587		21.834641		22.293521		22.293520		-28.923588		-44.925175
-41.779164		28.922340		21.823157		22.290343		22.290342		-28.922340		-44.780655
-41.785831		28.923802		21.810387		22.291188		22.291187		-28.923801		-45.007633
-41.788645		28.925472		21.815784		22.286871		22.286871		-28.925472		-45.175316
-41.784272		28.922658		21.821883		22.287507		22.287506		-28.922659		-45.277973
-41.781480		28.917836		21.819660		22.289040		22.289040		-28.917835		-45.344879
-41.788578		28.921169		21.816772		22.289095		22.289095		-28.921169		-45.545200
-41.787470		28.922904		21.807303		22.289598		22.289598		-28.922903		-45.673374
-41.785678		28.922829		21.804571		22.293352		22.293352		-28.922829		-45.595379
-41.788315		28.919687		21.792493		22.288924		22.288923		-28.919687		-45.498173
-41.788573		28.920834		21.792836		22.298894		22.298895		-28.920834		-45.434036
-41.785793		28.921442		21.789035		22.298105		22.298105		-28.921442		-45.403988
-41.779162		28.917884		21.791046		22.294629		22.294628		-28.917883		-45.397659
-41.782394		28.920045		21.788381		22.295853		22.295853		-28.920046		-45.655296
-41.777544		28.915196		21.786868		22.294340		22.294340		-28.915195		-45.751755
-41.777271		28.917023		21.784842		22.297969		22.297968		-28.917023		-45.785145
-41.772914		28.914923		21.801718		22.297812		22.297812		-28.914923		-45.789234
-41.772482		28.911176		21.795506		22.292359		22.292360		-28.911177		-45.808784
-41.768507		28.908646		21.800794		22.289569		22.289570		-28.908646		-45.822121
-41.764566		28.909998		21.827016		22.294096		22.294096		-28.909998		-45.759701
-41.776812		28.911556		21.833620		22.296920		22.296921		-28.911556		-45.682491
-41.774491		28.915111		21.834564		22.298696		22.298697		-28.915112		-45.483150
-41.769146		28.913963		21.850991		22.297988		22.297987		-28.913963		-45.494961
-41.773224		28.919383		21.847807		22.303484		22.303484		-28.919382		-45.676712
-41.774551		28.921026		21.838793		22.299610		22.299610		-28.921026		-45.654736
-41.778006		28.923283		21.833956		22.302688		22.302689		-28.923283		-45.462490
-41.780277		28.925554		21.839507		22.308240		22.308239		-28.925554		-45.334805
-41.779718		28.926514		21.830362		22.304176		22.304176		-28.926514		-45.265713
-41.786679		28.928525		21.828793		22.303148		22.303148		-28.928526		-45.195568
-41.785561		28.929734		21.823858		22.304823		22.304823		-28.929733		-45.091507
-41.788413		28.931459		21.814737		22.303978		22.303978		-28.931459		-44.984554
-41.790591		28.930209		21.822318		22.311564		22.311563		-28.930208		-45.041122
-41.782190		28.926599		21.818984		22.309923		22.309923		-28.926600		-45.144966
-41.777838		28.924618		21.826933		22.310231		22.310230		-28.924618		-45.352493
-41.777422		28.922183		21.849020		22.308011		22.308010		-28.922184		-45.521713
-41.778338		28.923099		21.848557		22.307548		22.307549		-28.923100		-45.532276
-41.773061		28.919055		21.845666		22.303496		22.303495		-28.919056		-45.364414
-41.771476		28.919342		21.842249		22.304418		22.304419		-28.919342		-45.148476
-41.762126		28.919099		21.836177		22.300098		22.300098		-28.919100		-44.939018
-41.762249		28.917443		21.840421		22.293961		22.293961		-28.917442		-44.963291
-41.756811		28.916115		21.832191		22.297900		22.297901		-28.916115		-45.127277
-41.747849		28.911139		21.840629		22.304466		22.304466		-28.911139		-45.364895
-41.747987		28.915292		21.838962		22.300709		22.300709		-28.915291		-45.567028
-41.751982		28.916043		21.833446		22.302441		22.302441		-28.916042		-45.798405
-41.750124		28.914110		21.831098		22.303971		22.303970		-28.914110		-45.824062
-41.750330		28.913806		21.827751		22.307230		22.307230		-28.913807		-45.691589
-41.751015		28.914957		21.814953		22.307852		22.307852		-28.914957		-45.633575
-41.754978		28.919192		21.827390		22.311195		22.311195		-28.919191		-45.442402
-41.746699		28.914725		21.833559		22.310658		22.310658		-28.914724		-45.380085
-41.753819		28.917566		21.834342		22.306476		22.306477		-28.917566		-45.361996
-41.753156		28.916904		21.830620		22.302753		22.302753		-28.916904		-45.301079
-41.752150		28.912683		21.822283		22.302173		22.302174		-28.912682		-45.215851
-41.758599		28.917549		21.840096		22.304816		22.304815		-28.917549		-45.181450
-41.759640		28.915978		21.822929		22.296237		22.296238		-28.915977		-45.245934
-41.762850		28.917030		21.823326		22.299864		22.299864		-28.917030		-45.414356
-41.766621		28.919308		21.832494		22.302851		22.302851		-28.919308		-45.420967
-41.775992		28.926486		21.831426		22.303735		22.303736		-28.926487		-45.460449
-41.777739		28.927688		21.831430		22.305730		22.305729		-28.927689		-45.521111
-41.777681		28.931872		21.838925		22.312290		22.312290		-28.931871		-45.516911
-41.779373		28.932152		21.842405		22.312606		22.312605		-28.932152		-45.422264
-41.773260		28.926135		21.830871		22.313255		22.313255		-28.926134		-45.375214
-41.772133		28.926927		21.828038		22.314141		22.314140		-28.926928		-45.264191
-41.769032		28.923826		21.820559		22.306662		22.306662		-28.923826		-45.069103
-41.769817		28.926015		21.826600		22.307977		22.307976		-28.926016		-44.952820
-41.776156		28.926927		21.815832		22.306407		22.306408		-28.926928		-44.780861
-41.773590		28.928375		21.819246		22.315331		22.315331		-28.928375		-44.617992
-41.773609		28.928621		21.816211		22.319144		22.319143		-28.928621		-44.510857
-41.766409		28.923819		21.815665		22.320102		22.320103		-28.923819		-44.458851
-41.767014		28.925844		21.822079		22.323252		22.323252		-28.925844		-44.419064
-41.762573		28.925329		21.817108		22.318893		22.318893		-28.925329		-44.418472
-41.765363		28.925680		21.808118		22.316953		22.316954		-28.925680		-44.492935
-41.759339		28.919451		21.798509		22.313764		22.313763		-28.919451		-44.580944
-41.759025		28.918044		21.795010		22.312281		22.312281		-28.918045		-44.520576
-41.765839		28.917891		21.786728		22.309358		22.309359		-28.917891		-44.743301
-41.763331		28.914588		21.790994		22.307715		22.307716		-28.914589		-44.870625
-41.762089		28.915599		21.790981		22.307531		22.307531		-28.915600		-45.202747
-41.766660		28.915951		21.787422		22.311078		22.311077		-28.915951		-45.428448
-41.770287		28.918840		21.781325		22.313895		22.313894		-28.918840		-45.495682
-41.773890		28.919769		21.801334		22.312865		22.312866		-28.919769		-45.410980
-41.779494		28.920892		21.797114		22.315288		22.315289		-28.920893		-45.149487
-41.774653		28.918714		21.811585		22.322221		22.322222		-28.918715		-44.917789
-41.775676		28.918922		21.818084		22.320155		22.320154		-28.918922		-44.778767
-41.786992		28.923532		21.843625		22.324873		22.324873		-28.923532		-44.852375
-41.786624		28.927371		21.857613		22.327139		22.327139		-28.927370		-44.940132
-41.784772		28.925264		21.848497		22.325013		22.325012		-28.925264		-45.170101
-41.792835		28.930311		21.844302		22.324805		22.324804		-28.930311		-45.157803
-41.784468		28.925332		21.837338		22.323637		22.323637		-28.925331		-45.069805
-41.779614		28.924891		21.827804		22.323833		22.323833		-28.924892		-45.085178
-41.779179		28.925851		21.812090		22.317843		22.317842		-28.925852		-45.179977
-41.782250		28.926787		21.819325		22.318565		22.318565		-28.926786		-45.365013
-41.780968		28.923799		21.812986		22.315312		22.315311		-28.923800		-45.410675
-41.774830		28.921818		21.809183		22.316129		22.316128		-28.921818		-45.418716
-41.772354		28.919342		21.808799		22.315744		22.315744		-28.919342		-45.505264
-41.770947		28.919192		21.810928		22.321424		22.321424		-28.919191		-45.484165
-41.774644		28.918290		21.818901		22.322385		22.322386		-28.918289		-45.512920
-41.774560		28.915712		21.825544		22.323295		22.323296		-28.915712		-45.476025
-41.771933		28.913055		21.828175		22.327378		22.327377		-28.913055		-45.302143
-41.773498		28.914619		21.823243		22.322446		22.322447		-28.914619		-45.102417
-41.769764		28.916501		21.815658		22.323435		22.323435		-28.916500		-44.922581
-41.762416		28.913584		21.815670		22.317481		22.317480		-28.913584		-44.814285
-41.761498		28.913089		21.819945		22.322896		22.322895		-28.913090		-44.698597
-41.755072		28.912659		21.816670		22.324125		22.324125		-28.912659		-44.627712
-41.759911		28.912498		21.813603		22.324738		22.324738		-28.912498		-44.470715
-41.758874		28.911347		21.801577		22.322062		22.322062		-28.911346		-44.399033
-41.760560		28.911245		21.799092		22.319165		22.319164		-28.911245		-44.399586
-41.757450		28.911088		21.810320		22.319769		22.319769		-28.911087		-44.441574
-41.760693		28.912235		21.817392		22.320423		22.320423		-28.912235		-44.612942
-41.761418		28.912081		21.811103		22.325887		22.325888		-28.912081		-44.461765
-41.757842		28.911692		21.800316		22.322501		22.322500		-28.911692		-44.298908
-41.767199		28.915298		21.819031		22.322812		22.322811		-28.915298		-44.188507
-41.768379		28.916548		21.811885		22.323363		22.323364		-28.916548		-44.193249
-41.768519		28.916688		21.812429		22.323908		22.323908		-28.916689		-44.217045
-41.771422		28.917030		21.809287		22.321541		22.321541		-28.917030		-44.254406
-41.766640		28.914571		21.814650		22.316590		22.316589		-28.914572		-44.303619
-41.770487		28.917341		21.831005		22.317544		22.317545		-28.917341		-44.406746
-41.774893		28.917470		21.833673		22.318540		22.318539		-28.917471		-44.686516
-41.777088		28.920387		21.829345		22.318374		22.318375		-28.920387		-45.028881
-41.782468		28.924762		21.835561		22.318622		22.318621		-28.924761		-45.317020
-41.784575		28.928460		21.829547		22.322443		22.322443		-28.928461		-45.460510
-41.779999		28.929915		21.826075		22.321833		22.321833		-28.929914		-45.561543
-41.777552		28.930178		21.826406		22.323543		22.323544		-28.930178		-45.556908
-41.777436		28.930062		21.826568		22.323705		22.323706		-28.930061		-45.588657
-41.782050		28.933709		21.827096		22.327595		22.327595		-28.933710		-45.527470
-41.784435		28.934799		21.834962		22.326160		22.326160		-28.934799		-45.586563
-41.774428		28.928617		21.826206		22.320715		22.320715		-28.928617		-45.690075
-41.777550		28.931739		21.824679		22.319188		22.319189		-28.931738		-45.820637
-41.776703		28.929587		21.832011		22.319766		22.319765		-28.929586		-45.887928
-41.784730		28.929352		21.834661		22.327706		22.327705		-28.929352		-46.090469
-41.778525		28.924967		21.829038		22.326415		22.326414		-28.924967		-46.230766
-41.776948		28.920800		21.835821		22.326756		22.326756		-28.920801		-46.280148
-41.779649		28.924639		21.839006		22.327643		22.327642		-28.924639		-46.286079
-41.781556		28.927050		21.847896		22.328961		22.328960		-28.927050		-46.166641
-41.782365		28.929833		21.845707		22.329550		22.329550		-28.929832		-46.143684
-41.776526		28.928409		21.849924		22.329029		22.329029		-28.928410		-45.958378
-41.782967		28.928423		21.834762		22.325290		22.325289		-28.928423		-45.794258
-41.786233		28.929416		21.827902		22.322979		22.322979		-28.929417		-45.500908
-41.781094		28.927928		21.828975		22.325243		22.325243		-28.927927		-45.392750
-41.780061		28.927968		21.827417		22.328160		22.328159		-28.927969		-45.367218
-41.783372		28.931466		21.827651		22.332362		22.332361		-28.931465		-45.370010
-41.786954		28.932616		21.821709		22.331022		22.331022		-28.932617		-45.261105
-41.787400		28.932589		21.816137		22.329097		22.329098		-28.932589		-45.105892
-41.796139		28.936134		21.831467		22.328428		22.328428		-28.936134		-44.802105
-41.790901		28.937503		21.840534		22.330091		22.330091		-28.937504		-44.655739
-41.795429		28.939774		21.829762		22.324311		22.324310		-28.939774		-44.441109
-41.787136		28.936435		21.832720		22.322812		22.322811		-28.936434		-44.501633
-41.787641		28.933979		21.829495		22.322341		22.322340		-28.933979		-44.622082
-41.794960		28.935191		21.840861		22.323754		22.323755		-28.935192		-44.967079
-41.788671		28.932323		21.840803		22.326604		22.326605		-28.932323		-45.089218
-41.785107		28.929464		21.837821		22.328331		22.328331		-28.929464		-44.961384
-41.779163		28.929645		21.838574		22.335799		22.335800		-28.929646		-44.937103
-41.778035		28.926821		21.851199		22.337063		22.337063		-28.926821		-44.934559
-41.772988		28.928020		21.847027		22.334929		22.334929		-28.928020		-44.849304
-41.766690		28.924574		21.841491		22.330579		22.330580		-28.924574		-44.881298
-41.768256		28.923085		21.838992		22.331341		22.331341		-28.923084		-45.004116
-41.768508		28.920865		21.846592		22.333928		22.333927		-28.920866		-45.127254
-41.767687		28.919864		21.855655		22.333658		22.333658		-28.919865		-45.117966
-41.770336		28.921207		21.871605		22.334990		22.334990		-28.921207		-45.047314
-41.768458		28.919328		21.873233		22.336617		22.336617		-28.919329		-44.986771
-41.765295		28.917016		21.864883		22.332220		22.332220		-28.917017		-45.000114
-41.765917		28.917822		21.862068		22.332876		22.332876		-28.917822		-45.266548
-41.771515		28.918413		21.854937		22.332255		22.332254		-28.918413		-45.543552
-41.780291		28.922361		21.844477		22.333305		22.333305		-28.922361		-45.737972
-41.785588		28.920725		21.833742		22.328225		22.328224		-28.920725		-45.800652
-41.795072		28.930209		21.833022		22.327504		22.327505		-28.930208		-45.858391
-41.790166		28.924844		21.829698		22.328218		22.328218		-28.924843		-45.995682
-41.795147		28.928433		21.821940		22.330315		22.330315		-28.928432		-45.903751
-41.799415		28.928146		21.810982		22.327774		22.327774		-28.928146		-45.750084
-41.801317		28.930048		21.816810		22.333602		22.333601		-28.930048		-45.589134
-41.797190		28.926217		21.826584		22.334736		22.334736		-28.926216		-45.531860
-41.794878		28.925916		21.844609		22.338392		22.338392		-28.925917		-45.523312
-41.786676		28.921599		21.843510		22.338641		22.338640		-28.921598		-45.464596
-41.791347		28.925469		21.879845		22.343087		22.343088		-28.925468		-45.317772
-41.798618		28.928580		21.885497		22.348066		22.348066		-28.928579		-45.289551
-41.800380		28.930342		21.885032		22.347602		22.347603		-28.930342		-45.267708
-41.792336		28.924372		21.881197		22.345628		22.345629		-28.924372		-45.178913
-41.790793		28.927163		21.878188		22.347105		22.347105		-28.927162		-45.155598
-41.791531		28.928652		21.868476		22.345539		22.345539		-28.928652		-45.279137
-41.782846		28.928395		21.870016		22.350088		22.350088		-28.928396		-45.421223
-41.781702		28.926568		21.863273		22.348195		22.348194		-28.926569		-45.497913
-41.776633		28.924953		21.859411		22.348323		22.348322		-28.924953		-45.543713
-41.789562		28.930352		21.872435		22.352819		22.352819		-28.930353		-45.654438
-41.784463		28.931226		21.885979		22.348831		22.348831		-28.931227		-45.841125
-41.785272		28.932036		21.886062		22.348915		22.348915		-28.932035		-46.092648
-41.785824		28.930731		21.880729		22.349514		22.349514		-28.930731		-46.318947
-41.789840		28.930680		21.866791		22.345731		22.345730		-28.930679		-46.360703
-41.784004		28.930062		21.857592		22.348632		22.348631		-28.930061		-46.218067
-41.786991		28.935530		21.854899		22.351487		22.351486		-28.935530		-45.986378
-41.791590		28.936329		21.841389		22.344547		22.344547		-28.936329		-45.750065
-41.796264		28.940307		21.840322		22.347706		22.347706		-28.940308		-45.549816
-41.790126		28.937264		21.857310		22.348113		22.348112		-28.937263		-45.281898
-41.787953		28.938962		21.851608		22.347300		22.347300		-28.938961		-45.176155
-41.787851		28.939129		21.867057		22.344641		22.344641		-28.939129		-45.259579
-41.786045		28.938521		21.869927		22.351780		22.351780		-28.938520		-45.459217
-41.792675		28.940430		21.866015		22.352272		22.352272		-28.940430		-45.544277
-41.791362		28.939614		21.864235		22.348364		22.348364		-28.939613		-45.431549
-41.786577		28.940864		21.856083		22.347506		22.347506		-28.940865		-45.279030
-41.783025		28.937104		21.849013		22.347206		22.347206		-28.937103		-45.180874
-41.775901		28.934993		21.844941		22.346788		22.346788		-28.934994		-45.247742
-41.772613		28.937182		21.849879		22.346576		22.346577		-28.937181		-45.264591
-41.767617		28.936093		21.848156		22.343028		22.343027		-28.936092		-45.324146
-41.773910		28.943675		21.853881		22.340128		22.340128		-28.943674		-45.419640
-41.775799		28.945126		21.883373		22.343101		22.343102		-28.945126		-45.388577
-41.775888		28.942418		21.890721		22.344435		22.344435		-28.942417		-45.467339
-41.776006		28.940468		21.889299		22.341202		22.341202		-28.940468		-45.556141
-41.777445		28.942988		21.881847		22.341730		22.341730		-28.942987		-45.619114
-41.776557		28.940901		21.874304		22.338371		22.338371		-28.940901		-45.552441
-41.774199		28.940802		21.871987		22.340545		22.340546		-28.940802		-45.406845
-41.772886		28.941380		21.861509		22.337340		22.337339		-28.941380		-45.495682
-41.769891		28.938385		21.862386		22.338217		22.338217		-28.938385		-45.702110
-41.770769		28.938685		21.865410		22.342848		22.342848		-28.938684		-45.836185
-41.771897		28.937589		21.868316		22.340978		22.340979		-28.937590		-45.846489
-41.770922		28.938419		21.870929		22.344670		22.344669		-28.938419		-45.786831
-41.768099		28.931250		21.857839		22.342828		22.342827		-28.931250		-45.663067
-41.765673		28.933317		21.847698		22.344902		22.344902		-28.933317		-45.666080
-41.764653		28.931254		21.843546		22.341832		22.341833		-28.931253		-45.588409
-41.769017		28.932801		21.840714		22.339003		22.339003		-28.932800		-45.488487
-41.766875		28.931131		21.836811		22.339710		22.339710		-28.931131		-45.289921
-41.768106		28.933433		21.833773		22.344721		22.344721		-28.933434		-45.145664
-41.767811		28.934730		21.835238		22.344267		22.344267		-28.934731		-45.150948
-41.772616		28.936346		21.830357		22.342179		22.342178		-28.936346		-45.264832
-41.774318		28.935769		21.832656		22.342710		22.342710		-28.935768		-45.286911
-41.770677		28.935751		21.834831		22.345130		22.345129		-28.935751		-45.547295
-41.770432		28.935987		21.831560		22.345118		22.345118		-28.935987		-45.497017
-41.771840		28.936988		21.830656		22.345758		22.345758		-28.936987		-45.390396
-41.778322		28.943470		21.829382		22.344484		22.344484		-28.943470		-45.393257
-41.774628		28.938992		21.826321		22.351412		22.351412		-28.938992		-45.405422
-41.777095		28.939525		21.823223		22.352089		22.352089		-28.939526		-45.293930
-41.774608		28.939068		21.818406		22.350821		22.350821		-28.939068		-45.098812
-41.779570		28.935191		21.818034		22.349921		22.349920		-28.935192		-44.965118
-41.782500		28.936318		21.816600		22.349535		22.349535		-28.936319		-44.788780
-41.774859		28.931363		21.813420		22.347274		22.347275		-28.931362		-44.787113
-41.772838		28.931172		21.805613		22.343260		22.343260		-28.931171		-44.841251
-41.772973		28.931052		21.797184		22.342010		22.342010		-28.931053		-44.827869
-41.772663		28.933498		21.790816		22.339532		22.339533		-28.933498		-44.728893
-41.783184		28.936704		21.793365		22.338561		22.338560		-28.936705		-44.648003
-41.782639		28.936223		21.789230		22.338658		22.338657		-28.936222		-44.634716
-41.779093		28.934013		21.793426		22.334594		22.334595		-28.934013		-44.602455
-41.771154		28.928733		21.789604		22.334462		22.334463		-28.928734		-44.694828
-41.769452		28.927453		21.790620		22.332652		22.332653		-28.927452		-44.680313
-41.775656		28.931950		21.784483		22.335552		22.335552		-28.931950		-44.665920
-41.777178		28.930041		21.770984		22.328679		22.328678		-28.930042		-44.680424
-41.771640		28.928447		21.780613		22.331532		22.331532		-28.928446		-44.788692
-41.769925		28.930035		21.770675		22.325518		22.325518		-28.930035		-44.885250
-41.766911		28.929464		21.781586		22.327894		22.327894		-28.929464		-44.816319
-41.767928		28.930482		21.782730		22.329038		22.329037		-28.930483		-44.778908
-41.765018		28.929171		21.782268		22.323548		22.323547		-28.929171		-44.793789
-41.767387		28.931845		21.776425		22.317271		22.317270		-28.931845		-44.765526
-41.771030		28.931237		21.774296		22.315104		22.315104		-28.931236		-44.873524
-41.779110		28.935970		21.808119		22.319419		22.319420		-28.935970		-45.195557
-41.775690		28.930335		21.809088		22.317517		22.317516		-28.930336		-45.326546
-41.777369		28.925370		21.797966		22.313478		22.313478		-28.925369		-45.634327
-41.775379		28.926746		21.802708		22.315616		22.315617		-28.926746		-45.895161
-41.774267		28.926623		21.797561		22.315336		22.315336		-28.926622		-45.880951
-41.789633		28.928686		21.793081		22.315761		22.315762		-28.928686		-45.851212
-41.781615		28.923235		21.792150		22.317964		22.317965		-28.923235		-45.801662
-41.780569		28.922955		21.791758		22.320539		22.320539		-28.922955		-45.924892
-41.777955		28.919888		21.782157		22.319224		22.319223		-28.919888		-46.086693
-41.776477		28.916149		21.795687		22.321087		22.321087		-28.916149		-46.180328
-41.769169		28.913683		21.820866		22.326963		22.326963		-28.913683		-46.219406
-41.769613		28.913236		21.816349		22.324806		22.324806		-28.913237		-46.161610
-41.767476		28.916320		21.808992		22.323707		22.323706		-28.916319		-46.144196
-41.754199		28.910773		21.817622		22.323860		22.323860		-28.910774		-46.151733
-41.758687		28.913741		21.809297		22.317889		22.317888		-28.913742		-46.029182
-41.754201		28.913792		21.806085		22.321050		22.321049		-28.913792		-45.972393
-41.754727		28.912259		21.800802		22.323165		22.323166		-28.912258		-45.930889
-41.754427		28.915667		21.795042		22.326884		22.326885		-28.915667		-45.971909
-41.756464		28.920489		21.809974		22.328860		22.328859		-28.920490		-46.042767
-41.762996		28.925185		21.801252		22.326461		22.326462		-28.925184		-45.982140
-41.760154		28.925243		21.799826		22.331203		22.331203		-28.925243		-46.063446
-41.756785		28.922600		21.807979		22.334693		22.334694		-28.922600		-46.004524
-41.759962		28.923679		21.797724		22.330742		22.330742		-28.923679		-45.792782
-41.763955		28.926152		21.799800		22.325202		22.325203		-28.926151		-45.547295
-41.767208		28.927835		21.812508		22.321128		22.321129		-28.927835		-45.437504
-41.771699		28.930649		21.807014		22.316982		22.316982		-28.930649		-45.401711
-41.771055		28.925793		21.813443		22.319448		22.319448		-28.925793		-45.379738
-41.772183		28.926828		21.816612		22.321004		22.321003		-28.926828		-45.205093
-41.772957		28.924567		21.809714		22.321208		22.321209		-28.924566		-45.172031
-41.762500		28.917464		21.818715		22.315642		22.315641		-28.917463		-45.241928
-41.762059		28.917102		21.828340		22.314278		22.314278		-28.917101		-45.302448
-41.757357		28.916706		21.819270		22.311817		22.311817		-28.916706		-45.358284
-41.761444		28.915053		21.812372		22.309811		22.309811		-28.915052		-45.252357
-41.759125		28.915138		21.818849		22.309262		22.309263		-28.915138		-44.983967
-41.752787		28.917146		21.806679		22.306097		22.306097		-28.917147		-44.814487
-41.754943		28.917542		21.800780		22.305161		22.305161		-28.917542		-44.776890
-41.760930		28.920121		21.798759		22.308410		22.308411		-28.920120		-44.643314
-41.758647		28.920708		21.789397		22.307398		22.307398		-28.920708		-44.478710
-41.768804		28.924191		21.783007		22.310487		22.310486		-28.924191		-44.387218
-41.762476		28.921319		21.784244		22.311153		22.311153		-28.921320		-44.081081
-41.755863		28.919038		21.780415		22.310741		22.310741		-28.919039		-43.951309
-41.755056		28.922982		21.780639		22.313420		22.313421		-28.922983		-44.189289
-41.759328		28.928580		21.804979		22.320833		22.320833		-28.928579		-44.470013
-41.766390		28.931964		21.804545		22.321301		22.321301		-28.931965		-44.619198
-41.763185		28.928993		21.803415		22.322986		22.322987		-28.928993		-44.672058
-41.770685		28.932920		21.804653		22.328331		22.328331		-28.932920		-44.699718
-41.767443		28.930130		21.802750		22.327841		22.327841		-28.930130		-44.602047
-41.771058		28.934170		21.801930		22.331169		22.331169		-28.934170		-44.465687
-41.769676		28.930776		21.804885		22.330496		22.330496		-28.930777		-44.432999
-41.769149		28.929020		21.798226		22.326504		22.326504		-28.929020		-44.352406
-41.766164		28.924697		21.800851		22.321914		22.321913		-28.924696		-44.338871
-41.760840		28.922545		21.799002		22.324716		22.324717		-28.922544		-44.245987
-41.764093		28.922737		21.799662		22.327969		22.327969		-28.922737		-44.212387
-41.758469		28.915783		21.800116		22.324470		22.324471		-28.915783		-44.249542
-41.764998		28.916091		21.798152		22.325351		22.325352		-28.916090		-44.249149
-41.763613		28.913885		21.797013		22.324595		22.324594		-28.913885		-44.279247
-41.762609		28.914113		21.821698		22.322919		22.322920		-28.914114		-44.267216
-41.764690		28.912792		21.816842		22.318762		22.318762		-28.912792		-44.392426
-41.758758		28.913564		21.816512		22.320969		22.320969		-28.913563		-44.426292
-41.758813		28.916070		21.812026		22.321635		22.321636		-28.916071		-44.360603
-41.758341		28.912744		21.814104		22.324709		22.324709		-28.912745		-44.461708
-41.757025		28.913485		21.805037		22.321973		22.321974		-28.913485		-44.651474
-41.746503		28.908103		21.798903		22.320759		22.320759		-28.908102		-44.868282
-41.748040		28.915715		21.793136		22.324425		22.324425		-28.915714		-45.163895
-41.738365		28.912454		21.791838		22.324972		22.324972		-28.912455		-45.214069
-41.739503		28.911282		21.790624		22.321454		22.321455		-28.911282		-45.151737
-41.737999		28.905726		21.790147		22.316958		22.316957		-28.905725		-45.043259
-41.735928		28.905647		21.786236		22.316132		22.316132		-28.905647		-44.943012
-41.741360		28.907983		21.791816		22.318224		22.318224		-28.907984		-44.991817
-41.747961		28.913007		21.798225		22.319245		22.319244		-28.913008		-45.249992
-41.747711		28.913321		21.797175		22.319118		22.319118		-28.913321		-45.394291
-41.750203		28.912409		21.786426		22.317991		22.317991		-28.912409		-45.479340
-41.749936		28.913451		21.782209		22.316813		22.316813		-28.913450		-45.636028
-41.750634		28.912635		21.787181		22.315647		22.315647		-28.912634		-45.857475
-41.756583		28.917245		21.797314		22.317107		22.317106		-28.917246		-45.969440
-41.755194		28.917529		21.816098		22.325906		22.325907		-28.917528		-46.129913
-41.758364		28.918116		21.813711		22.327275		22.327276		-28.918116		-46.166275
-41.757516		28.918321		21.813927		22.333395		22.333395		-28.918322		-46.211018
-41.752419		28.914947		21.809005		22.336643		22.336643		-28.914948		-46.253540
-41.744871		28.912799		21.800618		22.334147		22.334146		-28.912798		-46.256622
-41.743859		28.912744		21.798893		22.332582		22.332582		-28.912745		-45.987926
-41.743770		28.914008		21.799363		22.335794		22.335794		-28.914007		-45.855267
-41.750028		28.917529		21.806810		22.332273		22.332273		-28.917528		-45.868107
-41.742239		28.916299		21.824587		22.327262		22.327261		-28.916300		-45.853470
-41.743796		28.914861		21.823057		22.326589		22.326590		-28.914862		-45.820019
-41.742740		28.913806		21.820760		22.324292		22.324293		-28.913807		-45.754795
-41.747114		28.915087		21.820729		22.327105		22.327105		-28.915087		-45.469292
-41.746781		28.915312		21.825178		22.325332		22.325333		-28.915312		-45.341064
-41.746218		28.917604		21.846031		22.330969		22.330969		-28.917604		-45.313778
-41.750526		28.918700		21.852212		22.327685		22.327684		-28.918699		-45.212738
-41.757848		28.919991		21.853266		22.332453		22.332453		-28.919991		-45.109814
-41.763440		28.918707		21.848380		22.332705		22.332705		-28.918707		-45.091644
-41.762072		28.918983		21.854700		22.335598		22.335598		-28.918983		-45.123192
-41.764047		28.920377		21.848061		22.336281		22.336281		-28.920376		-45.195438
-41.762235		28.918314		21.841635		22.340630		22.340630		-28.918314		-45.153461
-41.763222		28.917061		21.847884		22.342362		22.342361		-28.917061		-45.048096
-41.764185		28.918003		21.849094		22.347250		22.347250		-28.918003		-44.979916
-41.767037		28.914936		21.836616		22.339966		22.339966		-28.914936		-44.938732
-41.767788		28.916009		21.825989		22.340656		22.340656		-28.916008		-44.954418
-41.769502		28.915876		21.832761		22.341528		22.341528		-28.915876		-44.973492
-41.765505		28.912334		21.831363		22.341376		22.341377		-28.912334		-45.102184
-41.763380		28.910903		21.835570		22.346806		22.346806		-28.910904		-45.111778
-41.761870		28.911890		21.828788		22.342543		22.342543		-28.911890		-45.244869
-41.761050		28.914096		21.832583		22.344592		22.344591		-28.914097		-45.483101
-41.747102		28.905521		21.822971		22.343649		22.343649		-28.905521		-45.607971
-41.750698		28.910145		21.817634		22.344308		22.344309		-28.910145		-45.699112
-41.748619		28.911026		21.830105		22.343434		22.343433		-28.911026		-45.763931
-41.743963		28.909469		21.818285		22.338941		22.338942		-28.909470		-45.890369
-41.748837		28.912399		21.824340		22.337401		22.337400		-28.912399		-45.954182
-41.742264		28.909349		21.838105		22.338549		22.338549		-28.909349		-45.990788
-41.746466		28.908888		21.842039		22.334480		22.334480		-28.908888		-45.963715
-41.741479		28.910459		21.845483		22.332080		22.332081		-28.910460		-46.047352
-41.741341		28.908950		21.851448		22.335482		22.335482		-28.908949		-46.094395
-41.746850		28.911634		21.849104		22.335863		22.335863		-28.911634		-46.188736
-41.744287		28.909107		21.841098		22.333409		22.333408		-28.909107		-46.262108
-41.754835		28.913741		21.843949		22.331317		22.331318		-28.913742		-46.231739
-41.759252		28.914424		21.848917		22.331746		22.331745		-28.914425		-46.070862
-41.760783		28.914732		21.839919		22.332429		22.332428		-28.914732		-45.951828
-41.758758		28.913741		21.836945		22.327972		22.327972		-28.913742		-45.987934
-41.759785		28.909244		21.831981		22.329032		22.329033		-28.909243		-46.142014
-41.766713		28.912102		21.853380		22.323871		22.323870		-28.912102		-46.236919
-41.763831		28.910647		21.849430		22.322110		22.322109		-28.910646		-46.487217
-41.769736		28.910408		21.868328		22.322836		22.322836		-28.910408		-46.634827
-41.768968		28.911457		21.866228		22.327362		22.327362		-28.911457		-46.534439
-41.765931		28.912741		21.884132		22.324487		22.324488		-28.912741		-46.291492
