Flexao Direita		Flexao Esquerda		Torcao Direita		Torcao Esquerda		Roll			Pitch			Yaw
37		3.045081		-3.598717		0.000000		0.000000		0.000000
0.257285		0.745467		3.050038		-3.565796		0.000000		0.000000		0.000000
0.253130		0.763417		3.068740		-3.552222		0.000000		0.000000		0.000000
0.253493		0.764513		3.082009		-3.544994		0.000000		0.000000		0.000000
5.975279		5.444228		2.482821		-4.148995		0.603090		-6.213764		44.113747
5.976440		5.436935		2.477754		-4.141588		0.603090		-6.213764		44.113747
5.980383		5.436794		2.473712		-4.138028		0.603974		-6.212695		44.126686
5.984363		5.423448		2.475000		-4.131821		0.603974		-6.212695		44.126686
5.987533		5.430368		2.474886		-4.124219		0.603974		-6.212695		44.126686
5.992214		5.424727		2.475888		-4.119327		0.603974		-6.212695		44.126686
5.990058		5.424916		2.488104		-4.115764		0.601842		-6.213697		44.135090
5.994112		5.414391		2.511935		-4.118130		0.601842		-6.213697		44.135090
5.979897		5.412239		2.509898		-4.114183		0.601842		-6.213697		44.135090
5.986236		5.409849		2.501380		-4.108613		0.606757		-6.213934		44.119873
5.980996		5.415766		2.499240		-4.106257		0.606757		-6.213934		44.119873
5.985978		5.414150		2.485476		-4.107489		0.606757		-6.213934		44.119873
5.976275		5.408102		2.486394		-4.107639		0.606757		-6.213934		44.119873
5.986720		5.406736		2.487328		-4.106289		0.606757		-6.213934		44.119873
5.986766		5.414010		2.493002		-4.108336		0.606757		-6.213934		44.119873
5.985619		5.419921		2.497114		-4.109236		0.606757		-6.213934		44.119873
5.993695		5.420410		2.485898		-4.111378		0.611950		-6.217471		44.086136
5.993641		5.419871		2.486037		-4.108312		0.611950		-6.217471		44.086136
5.984762		5.413195		2.480339		-4.115672		0.612373		-6.216026		44.071644
5.987311		5.413424		2.483560		-4.114195		0.612373		-6.216026		44.071644
5.990227		5.416656		2.478407		-4.116518		0.612373		-6.216026		44.071644
5.988747		5.413913		2.480896		-4.109636		0.613393		-6.215445		44.065872
5.994218		5.420587		2.483213		-4.105402		0.613393		-6.215445		44.065872
5.992243		5.412725		2.487925		-4.107633		0.614672		-6.215857		44.054333
5.994867		5.413583		2.484652		-4.106506		0.614672		-6.215857		44.054333
5.988397		5.410322		2.480392		-4.105579		0.615669		-6.215265		44.042431
5.993807		5.406490		2.479455		-4.104433		0.615669		-6.215265		44.042431
5.994795		5.399680		2.479162		-4.104465		0.617760		-6.214577		44.036499
6.001463		5.400339		2.473797		-4.101253		0.617760		-6.214577		44.036499
6.000909		5.407124		2.473959		-4.101797		0.619026		-6.213959		44.038879
6.003004		5.403737		2.467064		-4.106370		0.619026		-6.213959		44.038879
5.995068		5.398206		2.459794		-4.102998		0.619866		-6.214698		44.046276
5.994531		5.402177		2.460346		-4.106456		0.619866		-6.214698		44.046276
5.998634		5.400033		2.453208		-4.107749		0.622068		-6.214458		44.039974
5.997525		5.405940		2.455999		-4.117206		0.622538		-6.214128		44.043152
6.001453		5.412871		2.464570		-4.116972		0.622538		-6.214128		44.043152
5.999576		5.411205		2.460845		-4.115229		0.623256		-6.213328		44.038441
5.987638		5.416954		2.467430		-4.112608		0.623256		-6.213328		44.038441
5.983258		5.413215		2.471585		-4.113504		0.624967		-6.212612		44.041611
5.979782		5.405712		2.471699		-4.112930		0.624967		-6.212612		44.041611
5.985106		5.395040		2.458988		-4.114872		0.626484		-6.212655		44.046734
5.987738		5.398062		2.460274		-4.120655		0.627059		-6.212302		44.048119
5.990126		5.403741		2.457631		-4.120285		0.627466		-6.211950		44.042366
5.989626		5.404097		2.462138		-4.118208		0.627466		-6.211950		44.042366
5.990415		5.402087		2.467852		-4.123246		0.629258		-6.211092		44.037785
5.989707		5.399656		2.474495		-4.117990		0.629258		-6.211092		44.037785
5.991101		5.400600		2.472338		-4.117759		0.629265		-6.210630		44.032398
5.997309		5.392907		2.475632		-4.115701		0.629265		-6.210630		44.032398
5.991926		5.397892		2.476991		-4.116401		0.629628		-6.209653		44.017197
5.994651		5.400180		2.479021		-4.108888		0.629628		-6.209653		44.017197
5.991054		5.393288		2.476058		-4.114757		0.630364		-6.209207		44.014221
5.987057		5.385168		2.473335		-4.114057		0.630364		-6.209207		44.014221
5.974685		5.385568		2.468047		-4.115869		0.630857		-6.208023		44.013897
5.980537		5.383715		2.474596		-4.108610		0.630857		-6.208023		44.013897
5.981815		5.382876		2.468950		-4.104906		0.632324		-6.207431		44.014214
5.994559		5.387843		2.468986		-4.108004		0.632324		-6.207431		44.014214
5.993170		5.389990		2.473416		-4.113766		0.632324		-6.207431		44.014214
5.995194		5.399327		2.477399		-4.117364		0.632618		-6.205506		44.010460
5.995448		5.408051		2.473979		-4.125111		0.632618		-6.205506		44.010460
5.996559		5.402418		2.460990		-4.127132		0.633360		-6.204916		44.001522
6.001191		5.401616		2.460113		-4.126123		0.633757		-6.204523		44.001678
6.004599		5.400572		2.462380		-4.127215		0.634263		-6.204327		43.999321
6.003129		5.403523		2.464542		-4.127238		0.634263		-6.204327		43.999321
6.002083		5.406010		2.467341		-4.130299		0.633974		-6.203876		44.000751
6.003670		5.396877		2.462705		-4.130541		0.633974		-6.203876		44.000751
6.004929		5.393212		2.467584		-4.128259		0.633974		-6.203876		44.000751
6.000672		5.397075		2.474154		-4.133750		0.633974		-6.203876		44.000751
5.996897		5.394518		2.478995		-4.132834		0.632346		-6.203858		44.006145
5.995787		5.391461		2.474206		-4.136503		0.632346		-6.203858		44.006145
5.438720		4.844592		2.606952		-4.005961		0.502480		-5.653967		44.136971
5.435195		4.846624		2.599028		-4.002722		0.502480		-5.653967		44.136971
5.446162		4.850048		2.602711		-4.008061		0.504147		-5.658073		44.123970
5.445026		4.855261		2.596910		-4.004081		0.504147		-5.658073		44.123970
5.446059		4.860014		2.601956		-3.999960		0.504899		-5.661117		44.121906
5.449798		4.863347		2.603359		-3.994378		0.504899		-5.661117		44.121906
5.445348		4.856095		2.606219		-3.995249		0.507202		-5.663606		44.128624
5.450068		4.859134		2.608067		-4.000332		0.507202		-5.663606		44.128624
5.450123		4.862791		2.600941		-3.996324		0.507202		-5.663606		44.128624
5.443540		4.856582		2.597668		-3.991348		0.507202		-5.663606		44.128624
5.445761		4.855890		2.593495		-3.997401		0.507202		-5.663606		44.128624
5.443366		4.856108		2.591605		-4.000914		0.507202		-5.663606		44.128624
5.449307		4.852111		2.580545		-3.993983		0.507202		-5.663606		44.128624
5.450706		4.856555		2.571193		-4.000570		0.507202		-5.663606		44.128624
5.456327		4.864528		2.573890		-4.001095		0.508806		-5.667738		44.161613
5.147087		4.547467		2.654022		-3.920053		0.428305		-5.353979		44.241882
4.832631		4.235963		2.733498		-3.839942		0.348998		-5.041063		44.320980
4.833234		4.237778		2.730328		-3.838274		0.348998		-5.041063		44.320980
4.849932		4.247255		2.728437		-3.840482		0.352981		-5.048787		44.325413
4.849159		4.250675		2.723696		-3.835892		0.352981		-5.048787		44.325413
4.851220		4.257529		2.718466		-3.838371		0.354385		-5.054502		44.333233
4.852619		4.251686		2.722860		-3.835591		0.354385		-5.054502		44.333233
4.853418		4.255762		2.726131		-3.840865		0.356328		-5.061139		44.331608
4.857145		4.248149		2.722840		-3.842316		0.356328		-5.061139		44.331608
4.848522		4.251835		2.720594		-3.846374		0.356328		-5.061139		44.331608
4.849610		4.250374		2.722008		-3.843051		0.356328		-5.061139		44.331608
4.854521		4.257898		2.724466		-3.848751		0.362086		-5.072710		44.323139
4.852762		4.248089		2.728507		-3.856363		0.362086		-5.072710		44.323139
4.848132		4.238214		2.719314		-3.864681		0.362086		-5.072710		44.323139
4.854551		4.253123		2.715227		-3.863627		0.366294		-5.080891		44.324394
4.862989		4.256161		2.712331		-3.865695		0.367429		-5.084256		44.314693
4.869700		4.258331		2.723701		-3.867885		0.368541		-5.087642		44.307499
4.875911		4.267227		2.722603		-3.863675		0.369632		-5.091411		44.295403
4.887390		4.276658		2.724073		-3.860665		0.370820		-5.094734		44.287872
4.893918		4.275108		2.723800		-3.861999		0.372244		-5.098125		44.287220
4.890166		4.286156		2.719456		-3.862090		0.373709		-5.101390		44.292690
4.901622		4.292689		2.721696		-3.859628		0.375191		-5.105041		44.291710
4.898964		4.288845		2.717683		-3.855222		0.375191		-5.105041		44.291710
4.907394		4.298028		2.712609		-3.859794		0.377577		-5.111695		44.303898
4.909552		4.299574		2.714000		-3.858268		0.379199		-5.115203		44.313915
4.915586		4.308470		2.715387		-3.860586		0.380725		-5.118740		44.319588
4.918611		4.307702		2.712153		-3.862543		0.380725		-5.118740		44.319588
4.924173		4.316788		2.701819		-3.869850		0.383216		-5.123118		44.316086
4.934612		4.316561		2.701918		-3.860774		0.384583		-5.126454		44.318230
4.935964		4.313709		2.702746		-3.863631		0.385908		-5.129406		44.317387
4.931188		4.320285		2.704846		-3.870657		0.385908		-5.129406		44.317387
4.927175		4.322888		2.699000		-3.872622		0.388897		-5.135144		44.313202
4.927650		4.321808		2.701804		-3.878408		0.390359		-5.138968		44.300213
4.923664		4.321794		2.697447		-3.881203		0.391324		-5.142232		44.298553
4.631976		4.035402		2.770614		-3.816045		0.322756		-4.850179		44.366955
4.370585		3.781210		2.822592		-3.758477		0.265758		-4.590899		44.423935
4.018474		3.420661		2.915836		-3.670083		0.174747		-4.236141		44.514641
4.024667		3.428608		2.910909		-3.666960		0.174747		-4.236141		44.514641
4.036251		3.435843		2.902303		-3.672231		0.177855		-4.248058		44.518837
4.045298		3.451086		2.899194		-3.674696		0.179945		-4.254440		44.517536
4.055553		3.459464		2.903284		-3.672602		0.181850		-4.261011		44.515949
4.057436		3.456134		2.902991		-3.675770		0.181850		-4.261011		44.515949
4.070324		3.468310		2.898231		-3.678530		0.185033		-4.272191		44.520576
4.080256		3.476499		2.896717		-3.679197		0.186839		-4.278731		44.512482
4.088936		3.481959		2.893813		-3.686718		0.188716		-4.285085		44.507404
4.093435		3.488175		2.888127		-3.693266		0.190376		-4.291378		44.498669
4.103202		3.490517		2.887980		-3.694244		0.192101		-4.297399		44.494659
4.114584		3.497550		2.889980		-3.694386		0.193710		-4.302960		44.493160
4.124492		3.497310		2.895927		-3.698860		0.195707		-4.309392		44.494820
4.125067		3.501421		2.894631		-3.702681		0.197271		-4.315136		44.497292
4.131070		3.506520		2.893234		-3.700726		0.199355		-4.321810		44.488609
4.125933		3.506543		2.893087		-3.700464		0.199355		-4.321810		44.488609
4.128180		3.506645		2.889404		-3.705162		0.203420		-4.333002		44.484749
4.128566		3.516351		2.890185		-3.706737		0.203420		-4.333002		44.484749
4.138141		3.529563		2.880137		-3.707003		0.207273		-4.343117		44.487453
4.139291		3.529093		2.879314		-3.703029		0.207273		-4.343117		44.487453
4.148127		3.524994		2.875701		-3.699145		0.210684		-4.353587		44.484386
4.147177		3.526602		2.873429		-3.702039		0.210684		-4.353587		44.484386
4.158714		3.538723		2.866749		-3.708802		0.213743		-4.364383		44.481342
4.160627		3.541178		2.868978		-3.704782		0.213743		-4.364383		44.481342
4.166816		3.554079		2.863406		-3.714322		0.217581		-4.375316		44.485229
4.158513		3.557539		2.862281		-3.705128		0.217581		-4.375316		44.485229
4.168036		3.570005		2.862811		-3.705251		0.220469		-4.385430		44.480343
4.163818		3.575199		2.860328		-3.698751		0.220469		-4.385430		44.480343
4.158433		3.576619		2.858439		-3.707886		0.220469		-4.385430		44.480343
4.179600		3.596314		2.860154		-3.719356		0.225107		-4.400002		44.462128
4.187043		3.592238		2.862184		-3.721024		0.225107		-4.400002		44.462128
4.196639		3.592043		2.845992		-3.725992		0.228100		-4.410354		44.459152
4.205335		3.595523		2.846555		-3.723671		0.228100		-4.410354		44.459152
4.217180		3.612347		2.848610		-3.731489		0.231033		-4.420584		44.453964
4.216811		3.614757		2.854793		-3.733167		0.231033		-4.420584		44.453964
4.233424		3.626584		2.850043		-3.737515		0.233029		-4.430689		44.435497
4.228609		3.622777		2.849324		-3.735603		0.233029		-4.430689		44.435497
4.236234		3.620676		2.852144		-3.735153		0.236047		-4.441370		44.418896
4.238362		3.621591		2.853429		-3.736875		0.236047		-4.441370		44.418896
4.246888		3.626967		2.847774		-3.739285		0.238823		-4.451015		44.414135
4.243451		3.631217		2.848263		-3.746114		0.238823		-4.451015		44.414135
4.250997		3.646760		2.848270		-3.743975		0.241614		-4.460791		44.411835
4.253595		3.652631		2.851011		-3.747905		0.243287		-4.466367		44.407425
4.264990		3.656580		2.846772		-3.745998		0.245305		-4.472713		44.413258
4.256791		3.653678		2.844078		-3.743923		0.245305		-4.472713		44.413258
4.262228		3.668611		2.841555		-3.751804		0.248229		-4.482357		44.423531
4.268678		3.676103		2.840604		-3.758854		0.250053		-4.487809		44.429432
4.269865		3.685468		2.841638		-3.757822		0.251679		-4.493361		44.426147
4.264998		3.683624		2.838855		-3.760724		0.251679		-4.493361		44.426147
4.268825		3.688093		2.842217		-3.765775		0.253705		-4.502900		44.431244
4.278953		3.695980		2.845353		-3.762339		0.255447		-4.508662		44.426735
4.289248		3.707659		2.844372		-3.765305		0.257353		-4.514702		44.427990
4.286742		3.716492		2.838501		-3.769258		0.259154		-4.520161		44.433022
4.291679		3.726684		2.837590		-3.768626		0.260781		-4.525236		44.432320
4.291060		3.722934		2.840499		-3.763906		0.260781		-4.525236		44.432320
4.307637		3.725738		2.838559		-3.760074		0.260781		-4.525236		44.432320
4.322733		3.735052		2.836156		-3.759564		0.266472		-4.539433		44.428188
4.323035		3.737949		2.840138		-3.759281		0.266472		-4.539433		44.428188
4.324498		3.740175		2.834423		-3.757543		0.266472		-4.539433		44.428188
4.332905		3.752426		2.827308		-3.766394		0.272463		-4.553835		44.430534
4.344648		3.752261		2.826047		-3.768394		0.274127		-4.559287		44.427910
4.362237		3.756271		2.824172		-3.767136		0.275441		-4.564882		44.422527
4.362300		3.751280		2.827520		-3.772287		0.275441		-4.564882		44.422527
4.376652		3.761825		2.820475		-3.778681		0.278614		-4.574541		44.418022
4.384314		3.766450		2.818832		-3.772452		0.280261		-4.579880		44.420391
4.385707		3.768632		2.811946		-3.773521		0.281917		-4.585281		44.419334
4.384994		3.768496		2.811032		-3.769014		0.281917		-4.585281		44.419334
4.387680		3.773126		2.805665		-3.774855		0.284580		-4.593076		44.415276
4.394069		3.779825		2.805876		-3.776405		0.286022		-4.597986		44.417210
4.401473		3.783458		2.808908		-3.777547		0.287543		-4.602820		44.412766
4.402137		3.781370		2.810591		-3.777942		0.287543		-4.602820		44.412766
4.407528		3.785542		2.803766		-3.780427		0.289250		-4.611926		44.399750
4.405675		3.789988		2.800519		-3.781736		0.289250		-4.611926		44.399750
4.420722		3.793191		2.796973		-3.788677		0.290290		-4.619985		44.384670
4.415426		3.796812		2.799056		-3.788141		0.290290		-4.619985		44.384670
4.424888		3.808050		2.801053		-3.793706		0.292403		-4.627467		44.364937
4.428004		3.809783		2.800454		-3.782884		0.292403		-4.627467		44.364937
4.434578		3.814746		2.797781		-3.790717		0.295256		-4.636359		44.352562
4.436708		3.807930		2.800826		-3.789654		0.295256		-4.636359		44.352562
4.449342		3.815154		2.803590		-3.792010		0.298243		-4.645487		44.349064
4.454476		3.817075		2.808783		-3.792826		0.298243		-4.645487		44.349064
4.460732		3.828354		2.805509		-3.787126		0.300315		-4.654885		44.351200
4.458472		3.827832		2.807765		-3.787936		0.300315		-4.654885		44.351200
4.457359		3.840482		2.806375		-3.797082		0.302513		-4.665357		44.351395
4.457795		3.847186		2.816470		-3.793978		0.303936		-4.669887		44.354416
4.460963		3.859147		2.809601		-3.799452		0.305266		-4.674387		44.350491
4.158559		3.565177		2.880409		-3.726905		0.233502		-4.378229		44.422138
3.875461		3.274090		2.944633		-3.662166		0.163825		-4.094094		44.491547
3.878721		3.272083		2.949284		-3.669250		0.163825		-4.094094		44.491547
3.877298		3.274964		2.949248		-3.664243		0.163825		-4.094094		44.491547
3.893546		3.294337		2.940210		-3.667756		0.170205		-4.109282		44.477612
3.899966		3.297117		2.933978		-3.667009		0.172102		-4.116128		44.475864
3.905713		3.302628		2.926274		-3.668339		0.173856		-4.122586		44.481304
3.906601		3.309287		2.926510		-3.672514		0.173856		-4.122586		44.481304
3.908939		3.321947		2.916147		-3.674174		0.177264		-4.133932		44.484680
3.925049		3.331350		2.909595		-3.680038		0.179196		-4.140957		44.479374
3.934963		3.344658		2.911991		-3.682462		0.181261		-4.147991		44.471523
3.947162		3.343147		2.907416		-3.681451		0.183160		-4.154693		44.473091
3.950210		3.354166		2.907140		-3.684782		0.185043		-4.161530		44.472206
3.955565		3.359849		2.900931		-3.688953		0.186953		-4.167874		44.470852
3.963645		3.362015		2.903994		-3.685833		0.188415		-4.173686		44.469460
3.965079		3.358643		2.900344		-3.680632		0.188415		-4.173686		44.469460
3.981591		3.369334		2.903963		-3.685150		0.192238		-4.185117		44.463428
3.985351		3.377549		2.906069		-3.687828		0.194210		-4.191734		44.458706
3.986684		3.385966		2.903128		-3.688644		0.195851		-4.198549		44.449314
3.985558		3.383522		2.896900		-3.688743		0.197593		-4.204933		44.447338
3.986155		3.388329		2.895659		-3.688915		0.199398		-4.211250		44.440571
3.982267		3.391654		2.898082		-3.691625		0.199398		-4.211250		44.440571
3.997726		3.403738		2.886858		-3.695922		0.203774		-4.223168		44.440010
4.005096		3.408835		2.893755		-3.696892		0.203774		-4.223168		44.440010
4.005490		3.402950		2.891826		-3.697408		0.203774		-4.223168		44.440010
4.023110		3.426805		2.883204		-3.704440		0.207423		-4.238175		44.437149
4.032336		3.429163		2.874976		-3.698548		0.207423		-4.238175		44.437149
4.045579		3.439808		2.867172		-3.699015		0.210216		-4.249256		44.422436
4.038666		3.445278		2.875089		-3.701598		0.210216		-4.249256		44.422436
4.050997		3.452952		2.876397		-3.698972		0.212151		-4.260649		44.434189
4.054728		3.463965		2.877656		-3.701137		0.212151		-4.260649		44.434189
4.057902		3.468367		2.862297		-3.703701		0.216715		-4.272673		44.432175
4.055866		3.474468		2.863673		-3.704363		0.216715		-4.272673		44.432175
4.073827		3.490912		2.861506		-3.705129		0.220235		-4.283964		44.424004
4.069448		3.489981		2.863015		-3.708575		0.220235		-4.283964		44.424004
4.081777		3.504277		2.859755		-3.713674		0.223064		-4.295654		44.423332
4.078798		3.498690		2.860404		-3.713172		0.223064		-4.295654		44.423332
4.085347		3.509736		2.853793		-3.719188		0.226452		-4.306976		44.430202
4.089858		3.502302		2.860889		-3.711636		0.226452		-4.306976		44.430202
4.107048		3.498992		2.862211		-3.714668		0.230293		-4.318182		44.432503
4.108535		3.498973		2.866074		-3.713922		0.230293		-4.318182		44.432503
4.120643		3.520113		2.867479		-3.710424		0.233300		-4.328189		44.432796
4.112949		3.515886		2.897851		-3.766216		0.233300		-4.328189		44.432796
4.106724		3.544876		2.920567		-3.781818		0.241357		-4.337533		44.432373
4.066079		3.555722		3.066523		-3.943697		0.241357		-4.337533		44.432373
3.430003		4.078341		5.518943		-4.221996		0.339093		-4.253699		44.223515
3.600761		3.765463		5.009412		-7.034514		0.322366		-4.265377		44.206905
3.279336		4.108123		5.357008		-7.096972		0.322366		-4.265377		44.206905
3.218273		-4.317051		6.478730		-7.778108		0.350180		-4.249418		44.150433
3.174543		4.230533		5.697832		-7.371077		0.350180		-4.249418		44.150433
3.287640		4.136235		5.707312		-7.386137		0.364288		-4.263400		44.111927
3.318079		4.068812		5.615995		-7.064431		0.364288		-4.263400		44.111927
3.581928		3.815379		3.522997		-5.479508		0.284798		-4.301825		44.173634
3.902116		3.785320		1.763614		-3.452353		0.284798		-4.301825		44.173634
-5.259305		2.489678		-3.573267		0.809228		0.153308		-4.420171		44.362053
-5.885702		2.295939		-4.672211		2.275409		0.153308		-4.420171		44.362053
-5.395683		2.902014		-6.870340		4.310605		0.048551		-4.438682		44.704967
-5.759789		2.534670		-7.982120		6.703888		0.048551		-4.438682		44.704967
-6.326217		1.699557		-7.115660		7.369420		0.059599		-4.535969		45.036243
-6.581251		1.701490		-5.306186		5.881436		0.097160		-4.555436		45.171440
-6.473682		1.558119		-3.063787		3.828664		0.097160		-4.555436		45.171440
-6.355138		1.848450		-0.737487		1.965428		0.109716		-4.546721		45.371822
-5.646578		2.853054		0.755028		0.322927		0.109716		-4.546721		45.371822
-5.239563		2.785957		2.067324		-0.646124		0.095553		-4.608745		45.546818
-5.440185		2.759702		2.222599		-1.166230		0.095553		-4.608745		45.546818
-5.690251		2.541447		2.092573		-1.395473		0.095553		-4.608745		45.546818
-5.642430		2.637269		1.956953		-2.298445		0.095553		-4.608745		45.546818
-5.299862		3.065508		2.134881		-1.995419		0.089267		-4.621544		45.998783
-5.096829		3.120939		2.190789		-1.417674		0.089267		-4.621544		45.998783
-5.532860		2.709920		1.915277		-1.383682		0.087004		-4.643481		46.186687
-5.510087		2.996964		2.006717		-1.408508		0.079545		-4.647210		46.288479
-5.761739		2.417744		1.741599		-1.273875		0.074477		-4.673417		46.393509
-5.910349		2.414192		1.774119		-1.595803		0.074477		-4.673417		46.393509
-5.919516		2.390850		1.773755		-1.652943		0.074477		-4.673417		46.393509
-6.083486		2.333316		1.624481		-1.571141		0.068178		-4.698973		46.679428
-6.137749		2.287762		1.541856		-1.600417		0.068178		-4.698973		46.679428
-6.180809		2.295434		1.462409		-1.575828		0.061557		-4.716329		46.872974
-6.198911		2.302744		1.431354		-1.566105		0.057914		-4.726374		46.981186
-6.220538		2.310439		1.402336		-1.560857		0.054355		-4.736122		47.092384
-6.239370		2.321494		1.367716		-1.558380		0.051331		-4.744614		47.190323
-6.248237		2.319179		1.345814		-1.550566		0.051331		-4.744614		47.190323
-6.236628		2.276330		1.295655		-1.538783		0.051331		-4.744614		47.190323
-6.307044		2.241978		1.274099		-1.572397		0.051331		-4.744614		47.190323
-6.340394		2.303146		1.265632		-1.561443		0.043620		-4.781351		47.546047
-6.510178		2.481897		0.483013		-2.327585		0.811106		-4.946335		47.550663
-6.659801		2.589870		0.199308		-2.995365		1.479101		-5.085046		47.671764
-6.667268		2.586916		0.208707		-2.992965		1.479101		-5.085046		47.671764
-6.677874		2.541907		0.230286		-2.989594		1.479101		-5.085046		47.671764
-6.700150		2.506793		0.246110		-2.984756		1.479101		-5.085046		47.671764
-6.741014		2.537679		0.227619		-2.967074		1.451029		-5.112594		47.999886
-6.733003		2.550041		0.231650		-2.967685		1.451029		-5.112594		47.999886
-6.755043		2.554009		0.232965		-2.948156		1.435732		-5.130949		48.183235
-6.748283		2.569457		0.234959		-2.947110		1.435732		-5.130949		48.183235
-6.768805		2.580583		0.226971		-2.933031		1.419701		-5.149477		48.370274
-6.764426		2.611282		0.221045		-2.940828		1.419701		-5.149477		48.370274
-6.786319		2.626383		0.220194		-2.928182		1.405743		-5.166753		48.547688
-6.801143		2.609118		0.216775		-2.921152		1.398056		-5.177011		48.653381
-6.813971		2.617302		0.213790		-2.910435		1.389585		-5.186933		48.759289
-6.816928		2.617412		0.222045		-2.905871		1.389585		-5.186933		48.759289
-6.834134		2.643207		0.212534		-2.893283		1.374337		-5.204628		48.947063
-6.830862		2.637704		0.213040		-2.894179		1.374337		-5.204628		48.947063
-6.847967		2.654272		0.197403		-2.877938		1.358453		-5.220980		49.135899
-6.846091		2.669321		0.189882		-2.883859		1.358453		-5.220980		49.135899
-6.857568		2.686887		0.176729		-2.872901		1.343160		-5.238163		49.322304
-6.857333		2.699324		0.179431		-2.870013		1.343160		-5.238163		49.322304
-6.879092		2.708297		0.159949		-2.859348		1.330092		-5.254842		49.494286
-6.886739		2.701825		0.163031		-2.854445		1.330092		-5.254842		49.494286
-6.903134		2.717770		0.153393		-2.837794		1.315214		-5.269857		49.667534
-6.912953		2.663042		0.154107		-2.838648		1.315214		-5.269857		49.667534
-6.920672		2.714543		0.139442		-2.820944		1.300934		-5.287712		49.840271
-6.918677		2.747352		0.136329		-2.818451		1.300934		-5.287712		49.840271
-6.917982		2.775544		0.131873		-2.808587		1.286759		-5.304555		50.009491
-6.922767		2.777184		0.142467		-2.796983		1.286759		-5.304555		50.009491
-6.915309		2.794857		0.147213		-2.794622		1.286759		-5.304555		50.009491
-6.942145		2.819801		0.133210		-2.770976		1.265738		-5.328004		50.272141
-6.938666		2.820291		0.131915		-2.766681		1.265738		-5.328004		50.272141
-6.949657		2.838955		0.113411		-2.759000		1.251625		-5.342476		50.436993
-6.947720		2.838795		0.115035		-2.749396		1.251625		-5.342476		50.436993
-6.958604		2.851473		0.100800		-2.742249		1.237524		-5.357306		50.613697
-6.970332		2.852095		0.094667		-2.732431		1.229374		-5.365916		50.707928
-6.977225		2.860976		0.085607		-2.723909		1.221132		-5.374468		50.802750
-6.973445		2.867516		0.077760		-2.720765		1.221132		-5.374468		50.802750
-6.967707		2.869694		0.084404		-2.723197		1.221132		-5.374468		50.802750
-6.968258		2.865109		0.085687		-2.719702		1.221132		-5.374468		50.802750
-6.964913		2.865159		0.084778		-2.717632		1.221132		-5.374468		50.802750
-7.005111		2.900901		0.050600		-2.698480		1.192434		-5.411109		51.188786
-7.014528		2.903913		0.050592		-2.689465		1.192434		-5.411109		51.188786
-7.062261		2.862769		0.004153		-2.718748		1.192434		-5.411109		51.188786
-7.208337		2.786783		0.003384		-2.681776		1.172346		-5.436553		51.421200
-7.202337		2.797288		0.012136		-2.682821		1.172346		-5.436553		51.421200
-7.192003		2.829956		0.007160		-2.661418		1.158725		-5.453301		51.576668
-7.503781		2.583118		0.021656		-2.703717		1.158725		-5.453301		51.576668
-7.442064		2.689351		0.073746		-2.662016		1.141947		-5.473590		51.737751
-8.118142		2.063823		0.192820		-2.788405		1.141947		-5.473590		51.737751
-8.620015		1.686949		0.195195		-2.783604		1.141947		-5.473590		51.737751
-8.882969		1.447458		0.250727		-2.843856		1.141947		-5.473590		51.737751
-9.415437		0.876818		0.051109		-2.916939		1.122955		-5.460028		51.961617
-9.476191		0.702505		0.285108		-3.000652		1.122955		-5.460028		51.961617
-9.340778		1.041764		0.663073		-2.796382		1.122955		-5.460028		51.961617
-9.413409		0.968234		0.203572		-2.922498		1.122955		-5.460028		51.961617
-9.273350		1.115200		0.261293		-2.896164		1.100169		-5.502110		52.242523
-9.160989		1.219423		0.298455		-2.915829		1.100169		-5.502110		52.242523
-8.883917		1.422004		0.352741		-2.952763		1.100169		-5.502110		52.242523
-8.391432		1.821862		0.385312		-3.015344		1.100169		-5.502110		52.242523
-8.126729		2.011750		0.499824		-3.026699		1.100169		-5.502110		52.242523
-7.765584		2.329321		0.394738		-2.955859		1.100169		-5.502110		52.242523
-8.261355		2.075783		0.461425		-3.015904		1.100169		-5.502110		52.242523
-8.083805		2.191613		0.398114		-3.021282		1.100169		-5.502110		52.242523
-7.681866		2.472352		0.365165		-2.998397		1.100169		-5.502110		52.242523
-7.706025		2.568870		0.371070		-2.972393		1.100169		-5.502110		52.242523
-7.980968		2.703526		0.412031		-2.996489		1.067238		-5.550436		52.817406
-8.329056		2.696518		0.401008		-3.011098		1.067238		-5.550436		52.817406
-8.652890		2.800773		0.270964		-2.941524		1.059872		-5.559150		52.965240
-8.729023		3.115181		0.033481		-2.841046		1.059872		-5.559150		52.965240
-8.555592		3.649513		0.254843		-2.712272		1.058484		-5.556316		53.110519
-8.489188		4.136680		0.364949		-2.735886		1.058484		-5.556316		53.110519
-8.569093		4.250311		0.576272		-2.505038		1.051920		-5.555858		53.243656
-8.472438		4.433065		0.834898		-2.311543		1.051920		-5.555858		53.243656
-8.326629		4.568198		-1.473148		-1.712824		1.045256		-5.554805		53.380314
-8.047081		4.728857		-1.642103		-1.545197		1.045256		-5.554805		53.380314
-7.857943		4.962367		-1.725856		-1.491979		1.040311		-5.549469		53.497723
-7.763632		5.066685		-1.775310		-1.428768		1.040311		-5.549469		53.497723
-7.667596		5.123829		-1.816078		-1.340029		1.040311		-5.549469		53.497723
-7.656161		5.115944		-1.862397		-1.271027		1.027703		-5.556058		53.647713
-7.647886		4.895896		-1.928431		-1.148934		1.027703		-5.556058		53.647713
-6.450765		4.311794		0.511530		-2.084207		0.986620		-5.597428		53.760368
-6.225039		3.863967		0.079221		-2.254386		0.986620		-5.597428		53.760368
-6.700781		3.632755		0.102408		-2.461360		0.984286		-5.608252		53.892708
-6.579789		3.625415		0.129193		-2.479871		0.979223		-5.610510		53.970123
-6.162244		3.906229		0.125962		-2.500048		0.971542		-5.614886		54.055195
-5.825826		3.983534		0.333637		-2.294798		0.971542		-5.614886		54.055195
5.428396		3.886660		0.924602		-1.485159		0.953795		-5.632881		54.182598
4.930470		3.817062		-2.123695		0.324711		0.953795		-5.632881		54.182598
4.253294		3.719880		-3.207530		0.517123		0.938744		-5.653703		54.293179
3.977494		3.589553		-3.267617		0.643625		0.929115		-5.662275		54.355431
3.613791		3.640693		-3.254520		0.526903		0.921470		-5.669786		54.414059
3.340604		3.653482		-3.077818		0.462754		0.921470		-5.669786		54.414059
2.944873		3.699014		-2.976169		0.392197		0.907006		-5.688354		54.521038
2.717253		3.737967		-2.972919		0.437968		0.898833		-5.697145		54.582214
2.461669		3.680170		-3.035096		0.467012		0.889759		-5.705853		54.627014
2.414311		3.674318		-3.106249		0.558755		0.880531		-5.715625		54.670029
2.379732		3.656347		-3.127117		0.588642		0.871779		-5.723683		54.720699
2.413175		3.641141		-3.209684		0.645562		0.871779		-5.723683		54.720699
2.492790		3.599647		-3.243400		0.696837		0.857828		-5.738717		54.818245
2.530995		3.621890		-3.237005		0.677326		0.849388		-5.747201		54.871315
2.563150		3.613608		-3.230377		0.691144		0.841832		-5.755224		54.923508
2.646396		3.635968		-3.186330		0.683811		0.841832		-5.755224		54.923508
3.044311		3.641020		-3.218450		0.717814		0.828405		-5.765989		55.017429
3.332775		3.613056		-3.231777		0.725184		0.828405		-5.765989		55.017429
3.788096		3.592634		-3.180833		0.718128		0.815104		-5.779175		55.109070
4.057627		3.604211		-3.068451		0.650279		0.807046		-5.787618		55.175873
4.589130		3.490391		-2.974467		0.662911		0.796695		-5.800533		55.255863
4.761790		3.507500		-2.942867		0.643208		0.796695		-5.800533		55.255863
5.061202		3.524370		-2.831805		0.545416		0.783237		-5.812162		55.351521
5.235722		3.511349		-2.835821		0.578130		0.776127		-5.819685		55.407581
5.361950		3.527926		-2.751141		0.486130		0.776127		-5.819685		55.407581
5.543300		3.556100		-2.653935		0.440340		0.764369		-5.833780		55.499649
5.662493		3.535945		-2.620137		0.393809		0.764369		-5.833780		55.499649
5.714256		3.529084		-2.579203		0.357856		0.764369		-5.833780		55.499649
-5.854979		3.544103		-2.492612		0.330475		0.745623		-5.853942		55.612564
-5.920276		3.516461		-2.507465		0.339256		0.745623		-5.853942		55.612564
-6.035082		3.528315		-2.464394		0.291217		0.733694		-5.866577		55.712437
-6.116423		3.472258		-2.409101		0.269520		0.733694		-5.866577		55.712437
-6.238994		3.422849		-2.436202		0.265967		0.733694		-5.866577		55.712437
-6.420716		3.438325		-2.308448		0.205305		0.715859		-5.889245		55.859398
-6.420453		3.400694		-2.328187		0.220844		0.715859		-5.889245		55.859398
-6.428254		3.405909		-2.308329		0.209631		0.703683		-5.902400		55.949532
-6.455406		3.414499		-2.295797		0.220266		0.696587		-5.910427		56.007648
-6.472638		3.403140		-2.298854		0.224448		0.690028		-5.918847		56.060623
-6.523833		3.416253		-2.277940		0.189047		0.682464		-5.926910		56.111843
-6.619585		3.391807		-2.181488		0.114181		0.676427		-5.934941		56.167870
-6.713186		3.377465		-2.102113		0.078756		0.676427		-5.934941		56.167870
-6.788975		3.359555		-2.098323		0.060580		0.664220		-5.948547		56.257858
-6.776388		3.371664		-2.059561		0.062751		0.657231		-5.957035		56.318554
-6.681239		3.359864		-2.111881		0.142900		0.650509		-5.964370		56.378307
-6.537879		3.370030		-2.170849		0.158492		0.650509		-5.964370		56.378307
-6.325223		3.432869		-2.135709		0.172533		0.639132		-5.975353		56.476856
-6.244021		3.466990		-2.131656		0.171406		0.639132		-5.975353		56.476856
-6.085709		3.609074		-1.923396		0.064459		0.639132		-5.975353		56.476856
5.712259		3.725070		-1.796030		0.095841		0.620767		-5.988210		56.624603
5.534515		3.789932		-1.750664		0.105662		0.620767		-5.988210		56.624603
5.035437		3.868273		-1.775511		0.121550		0.620767		-5.988210		56.624603
4.783286		3.923572		-1.781406		0.046373		0.599581		-6.004609		56.771172
4.517859		3.984926		-1.822482		0.054681		0.599581		-6.004609		56.771172
4.281415		4.020102		-1.779995		0.039955		0.586832		-6.015285		56.851795
4.238140		4.040412		-1.815649		0.023395		0.579890		-6.021785		56.898010
4.216141		4.047281		-1.807232		0.009147		0.573203		-6.027856		56.944073
4.227670		4.029086		-1.798494		0.027407		0.573203		-6.027856		56.944073
4.139949		4.028552		-1.840891		0.041880		0.573203		-6.027856		56.944073
4.107723		4.056554		-1.847617		0.076468		0.557013		-6.045595		57.067837
3.746367		3.742922		-1.800961		0.127462		0.508174		-5.730211		57.124893
3.558250		3.569071		-1.744693		0.156945		0.478972		-5.552042		57.160069
3.510831		3.604176		-1.713083		0.145978		0.478972		-5.552042		57.160069
3.433391		3.611805		-1.696356		0.110803		0.478972		-5.552042		57.160069
3.506774		3.629032		-1.667658		0.116625		0.462513		-5.569671		57.281418
3.509657		3.625871		-1.642869		0.091054		0.462513		-5.569671		57.281418
3.528322		3.660921		-1.650513		0.091136		0.451352		-5.580923		57.362381
3.513326		3.724201		-1.598575		0.034155		0.445141		-5.587105		57.407166
3.469801		3.787419		-1.477265		0.056670		0.439295		-5.593113		57.449329
3.364916		3.928917		-1.318939		0.262287		0.439295		-5.593113		57.449329
2.816854		4.390245		-0.582633		-0.801681		0.429681		-5.597847		57.527584
2.798589		4.474391		-0.435315		-0.815093		0.429681		-5.597847		57.527584
3.064812		4.452190		0.314368		-0.995759		0.429681		-5.597847		57.527584
4.874253		3.933673		0.044421		-1.246113		0.429681		-5.597847		57.527584
-5.751568		4.117736		0.206475		-1.581282		0.425013		-5.596039		57.698364
-6.269282		3.715095		0.231339		-1.519425		0.418223		-5.613080		57.752403
-6.790892		3.425748		0.261837		-1.462440		0.413724		-5.637723		57.811535
-7.673668		2.742283		0.438489		-1.599175		0.413724		-5.637723		57.811535
-7.595940		2.849956		0.370929		-1.663518		0.403580		-5.656895		57.917961
-7.444500		3.025335		0.498727		-1.698981		0.403580		-5.656895		57.917961
-7.394875		3.034050		0.425261		-1.561689		0.403580		-5.656895		57.917961
-7.393561		3.065418		0.387255		-1.555671		0.403580		-5.656895		57.917961
-7.407586		3.071473		0.405678		-1.564303		0.403580		-5.656895		57.917961
-7.428253		3.076119		0.411322		-1.583688		0.403580		-5.656895		57.917961
-7.463439		3.122861		0.440069		-1.562623		0.377050		-5.698071		58.219578
-7.468286		3.121268		0.445893		-1.564844		0.377050		-5.698071		58.219578
-7.465900		3.131716		0.445246		-1.568964		0.377050		-5.698071		58.219578
-7.490124		3.149021		0.458808		-1.562268		0.362701		-5.717406		58.366589
-7.499018		3.157871		0.461877		-1.566714		0.357432		-5.725974		58.418514
-7.505110		3.167162		0.469460		-1.567304		0.352375		-5.735077		58.480640
-7.503189		3.169980		0.459171		-1.572248		0.352375		-5.735077		58.480640
-7.521556		3.194329		0.470931		-1.563510		0.341770		-5.749469		58.585201
-7.523297		3.190302		0.476626		-1.565086		0.341770		-5.749469		58.585201
-7.537876		3.197421		0.487648		-1.550947		0.333235		-5.764388		58.678448
-7.540881		3.195981		0.493462		-1.554400		0.333235		-5.764388		58.678448
-7.558617		3.213438		0.497894		-1.544638		0.323871		-5.778771		58.774822
-7.552857		3.217635		0.500763		-1.548005		0.323871		-5.778771		58.774822
-7.575043		3.233480		0.515605		-1.541199		0.314764		-5.793190		58.873245
-7.573508		3.232703		0.515757		-1.543758		0.314764		-5.793190		58.873245
-7.588644		3.244080		0.528016		-1.535288		0.304068		-5.808259		58.969395
-7.587103		3.243706		0.531416		-1.536781		0.304068		-5.808259		58.969395
-7.610714		3.253607		0.546348		-1.525206		0.295150		-5.823020		59.061348
-7.622079		3.255911		0.557211		-1.515644		0.290043		-5.831378		59.112980
-7.631234		3.270098		0.564510		-1.509331		0.284817		-5.839711		59.168953
-7.626305		3.274882		0.560514		-1.513758		0.284817		-5.839711		59.168953
-7.627905		3.282813		0.548295		-1.522363		0.284817		-5.839711		59.168953
-7.652781		3.307101		0.560423		-1.513439		0.273842		-5.859592		59.296574
-7.648415		3.312984		0.571232		-1.509177		0.268989		-5.867681		59.353565
-7.651389		3.323747		0.582571		-1.495055		0.263528		-5.876543		59.407242
-7.646926		3.327612		0.584485		-1.497832		0.263528		-5.876543		59.407242
-7.665015		3.329932		0.595220		-1.489478		0.254169		-5.891879		59.491474
-7.662638		3.325804		0.597553		-1.484174		0.254169		-5.891879		59.491474
-7.661947		3.330967		0.605324		-1.489206		0.254169		-5.891879		59.491474
-7.686754		3.351931		0.617325		-1.473701		0.240031		-5.909639		59.617943
-7.691377		3.349019		0.613893		-1.475495		0.240031		-5.909639		59.617943
-7.704723		3.362454		0.627929		-1.470134		0.231597		-5.922390		59.702286
-7.698272		3.358686		0.627271		-1.470330		0.231597		-5.922390		59.702286
-7.709922		3.373313		0.638410		-1.461819		0.223041		-5.935941		59.795418
-7.764994		3.435588		0.378452		-1.723284		0.478476		-5.990579		59.746239
-7.823309		3.483840		0.143367		-1.964576		0.718748		-6.043267		59.697887
-7.826519		3.481894		0.146937		-1.961041		0.718748		-6.043267		59.697887
-7.825654		3.483199		0.146516		-1.961366		0.718748		-6.043267		59.697887
-7.844822		3.512281		0.163346		-1.945428		0.702241		-6.063657		59.817997
-7.845370		3.515707		0.160092		-1.950346		0.702241		-6.063657		59.817997
-7.853456		3.532018		0.172914		-1.939189		0.691182		-6.078222		59.901867
-7.857801		3.535466		0.171173		-1.935878		0.691182		-6.078222		59.901867
-7.864905		3.540128		0.179311		-1.934420		0.680824		-6.090153		59.985283
-7.859611		3.538381		0.182392		-1.938187		0.680824		-6.090153		59.985283
-7.874789		3.551572		0.192823		-1.926448		0.670754		-6.103240		60.076862
-7.877887		3.565650		0.205504		-1.921084		0.664510		-6.110541		60.126892
-7.881461		3.567147		0.211435		-1.917072		0.658620		-6.116827		60.161488
-7.898260		3.569692		0.217816		-1.909198		0.652489		-6.123961		60.213276
-7.895597		3.582239		0.220437		-1.906795		0.646724		-6.130819		60.260895
-7.895540		3.584905		0.217442		-1.909527		0.646724		-6.130819		60.260895
-7.894970		3.596306		0.212238		-1.906484		0.646724		-6.130819		60.260895
-7.912815		3.610565		0.224751		-1.892349		0.632308		-6.148345		60.383804
-7.916696		3.610998		0.231900		-1.893599		0.632308		-6.148345		60.383804
-7.936426		3.621884		0.240988		-1.882234		0.621372		-6.161558		60.474419
-7.927182		3.615368		0.237694		-1.889346		0.621372		-6.161558		60.474419
-7.944738		3.625175		0.254249		-1.882779		0.610539		-6.175261		60.569996
-7.657052		3.339698		0.302723		-1.832946		0.561849		-5.885182		60.625019
-7.338882		3.021407		0.352705		-1.780715		0.513428		-5.562493		60.680714
-7.025186		2.704254		0.406084		-1.732711		0.464003		-5.252570		60.737183
-6.703461		2.373434		0.439722		-1.690033		0.418130		-4.925284		60.790295
-6.703322		2.374363		0.437121		-1.691796		0.418130		-4.925284		60.790295
-6.719830		2.396457		0.443179		-1.677877		0.408703		-4.945891		60.870155
-6.721699		2.401475		0.440626		-1.679174		0.408703		-4.945891		60.870155
-6.728293		2.398358		0.453980		-1.679798		0.408703		-4.945891		60.870155
-6.733990		2.392707		0.456064		-1.676283		0.408703		-4.945891		60.870155
-6.769092		2.440268		0.479755		-1.654216		0.390450		-4.984009		61.019489
-6.782614		2.446771		0.484610		-1.648280		0.385704		-4.994979		61.072491
-6.793003		2.466084		0.493720		-1.642113		0.380070		-5.007146		61.120010
-6.799955		2.466593		0.497303		-1.643161		0.380070		-5.007146		61.120010
-6.813157		2.487491		0.499299		-1.629361		0.370931		-5.027134		61.201855
-6.815679		2.483111		0.494961		-1.625745		0.370931		-5.027134		61.201855
-6.836350		2.503160		0.510884		-1.621351		0.362331		-5.046909		61.282772
-6.840215		2.516139		0.514543		-1.621022		0.357212		-5.057326		61.321430
-6.855276		2.526524		0.521164		-1.612969		0.352110		-5.069138		61.379692
-6.851034		2.520758		0.520768		-1.613571		0.352110		-5.069138		61.379692
-6.866508		2.542729		0.527193		-1.605961		0.342893		-5.089702		61.466370
-6.867850		2.546398		0.525509		-1.612538		0.342893		-5.089702		61.466370
-6.859903		2.543736		0.522451		-1.606838		0.342893		-5.089702		61.466370
-6.853914		2.534313		0.523844		-1.608127		0.342893		-5.089702		61.466370
-6.889131		2.574511		0.538842		-1.602056		0.328972		-5.126826		61.626842
-6.888787		2.570675		0.537893		-1.608461		0.328972		-5.126826		61.626842
-6.907579		2.587261		0.550100		-1.609248		0.319388		-5.145622		61.705288
-6.919323		2.589797		0.558616		-1.598798		0.314190		-5.156774		61.757198
-6.923924		2.603536		0.561899		-1.593590		0.309084		-5.167187		61.799286
-6.943597		2.613851		0.565192		-1.583457		0.303532		-5.178596		61.842178
-6.963978		2.621023		0.577334		-1.576153		0.298547		-5.188820		61.886806
-6.967232		2.621477		0.584314		-1.569028		0.298547		-5.188820		61.886806
-6.988139		2.636406		0.591834		-1.557324		0.289385		-5.207037		61.952343
-6.999985		2.658093		0.596217		-1.555476		0.284370		-5.217348		61.996304
-7.010698		2.672146		0.602908		-1.546207		0.279475		-5.227589		62.040874
-7.022539		2.677940		0.609642		-1.540533		0.274668		-5.237620		62.087849
-7.030194		2.681092		0.614395		-1.539221		0.270143		-5.246580		62.130619
-7.029565		2.687255		0.610764		-1.543734		0.270143		-5.246580		62.130619
-7.036243		2.717722		0.619203		-1.540142		0.262397		-5.263849		62.202854
-7.032018		2.716404		0.619255		-1.546091		0.262397		-5.263849		62.202854
-7.054152		2.726166		0.625987		-1.539414		0.254603		-5.283003		62.286953
-7.054961		2.735966		0.617641		-1.538228		0.254603		-5.283003		62.286953
-7.075467		2.754554		0.620401		-1.522605		0.245911		-5.301922		62.363617
-7.070428		2.752236		0.625143		-1.519509		0.245911		-5.301922		62.363617
-7.081444		2.763896		0.640152		-1.511179		0.235794		-5.318738		62.432388
-7.088304		2.761830		0.637761		-1.508689		0.235794		-5.318738		62.432388
-7.092622		2.761111		0.645735		-1.506478		0.235794		-5.318738		62.432388
-7.112144		2.786770		0.648927		-1.494564		0.224327		-5.343897		62.546009
-7.116287		2.782620		0.654426		-1.497652		0.224327		-5.343897		62.546009
-7.130104		2.809119		0.671917		-1.489570		0.215957		-5.360746		62.623573
-7.128839		2.811014		0.670742		-1.494338		0.215957		-5.360746		62.623573
-7.145071		2.828967		0.679574		-1.481874		0.206199		-5.377790		62.698303
-7.146025		2.831926		0.676817		-1.480631		0.206199		-5.377790		62.698303
-7.141903		2.831469		0.672076		-1.481150		0.206199		-5.377790		62.698303
-7.148663		2.835909		0.666196		-1.480694		0.206199		-5.377790		62.698303
-7.175775		2.873372		0.679125		-1.458601		0.189924		-5.410416		62.815762
-7.179519		2.868422		0.673897		-1.461382		0.189924		-5.410416		62.815762
-7.180212		2.882620		0.684850		-1.447109		0.180694		-5.426554		62.877029
-7.183901		2.878898		0.685008		-1.449711		0.180694		-5.426554		62.877029
-7.187836		2.879521		0.684510		-1.455846		0.180694		-5.426554		62.877029
-7.213400		2.900229		0.693540		-1.457368		0.168545		-5.452127		62.975887
-7.226851		2.909009		0.695047		-1.452380		0.163747		-5.461200		63.015419
-7.232953		2.920744		0.701353		-1.439558		0.158760		-5.470592		63.054523
-7.228187		2.925489		0.701833		-1.443488		0.158760		-5.470592		63.054523
-7.247985		2.942054		0.708161		-1.436132		0.150431		-5.487557		63.134636
-7.243496		2.944458		0.719577		-1.436075		0.150431		-5.487557		63.134636
-7.264217		2.960033		0.732035		-1.424333		0.141353		-5.503438		63.205971
-7.268006		2.958232		0.734364		-1.427390		0.141353		-5.503438		63.205971
-7.279389		2.978338		0.740708		-1.413507		0.134116		-5.519902		63.278439
-7.277605		2.968862		0.745879		-1.409628		0.134116		-5.519902		63.278439
-7.280224		2.968032		0.737747		-1.407614		0.134116		-5.519902		63.278439
-7.283395		2.972007		0.740990		-1.406148		0.134116		-5.519902		63.278439
-7.309791		3.010356		0.767732		-1.393320		0.116002		-5.549174		63.411457
-7.312521		3.010985		0.762389		-1.392028		0.116002		-5.549174		63.411457
-7.325272		3.023985		0.768566		-1.384431		0.106724		-5.562495		63.475380
-7.323689		3.025714		0.777346		-1.388115		0.106724		-5.562495		63.475380
-7.332158		3.021405		0.769834		-1.388780		0.106724		-5.562495		63.475380
-7.354342		3.042050		0.781497		-1.375826		0.096947		-5.585908		63.573174
-7.359031		3.038506		0.781787		-1.369992		0.096947		-5.585908		63.573174
-7.375129		3.051576		0.785063		-1.361158		0.089918		-5.601572		63.637814
-7.371793		3.056636		0.780531		-1.368398		0.089918		-5.601572		63.637814
-7.391643		3.062065		0.783355		-1.362230		0.082566		-5.616289		63.684807
-7.397001		3.078229		0.787461		-1.358188		0.078062		-5.624992		63.722523
-7.401379		3.075757		0.787451		-1.359831		0.078062		-5.624992		63.722523
-7.416497		3.093782		0.800419		-1.353455		0.071109		-5.640155		63.791481
-7.423336		3.103064		0.807871		-1.354343		0.066699		-5.648389		63.830509
-7.430539		3.110384		0.803843		-1.349579		0.062466		-5.656106		63.863499
-7.435124		3.120975		0.810046		-1.343993		0.057823		-5.664251		63.896339
-7.444288		3.133212		0.817486		-1.341516		0.053132		-5.672606		63.925838
-7.445148		3.128159		0.819387		-1.340600		0.053132		-5.672606		63.925838
-7.449640		3.119792		0.821316		-1.339577		0.053132		-5.672606		63.925838
-7.468763		3.144509		0.837044		-1.327816		0.041590		-5.694147		64.000389
-7.463118		3.138162		0.831118		-1.326516		0.041590		-5.694147		64.000389
-7.477476		3.153985		0.846320		-1.319598		0.034242		-5.707983		64.056610
-7.484207		3.155696		0.852978		-1.313090		0.029903		-5.715984		64.090744
-7.493772		3.166664		0.856995		-1.305223		0.025609		-5.724213		64.121834
-7.496210		3.167649		0.853655		-1.305125		0.025609		-5.724213		64.121834
-7.506975		3.192257		0.866596		-1.296621		0.017648		-5.737984		64.185593
