-25.189871		0.000000		0.293222		0.000000		0.000000		0.000000		0.000000
-59.137794		33.993288		21.611772		21.905957		21.905956		-33.993286		-147.436813
-59.110252		33.989419		21.565851		21.909596		21.909595		-33.989418		-146.350266
-59.097530		33.991020		21.532548		21.910344		21.910343		-33.991020		-144.743515
-59.082064		33.989866		21.553259		21.922129		21.922129		-33.989864		-143.996826
-59.074004		33.991720		21.518618		21.923270		21.923269		-33.991722		-142.631653
-59.054855		33.990491		21.507445		21.931597		21.931597		-33.990490		-140.695923
-59.038548		33.993636		21.493940		21.935366		21.935366		-33.993637		-139.127289
-59.026560		33.995238		21.517587		21.934994		21.934994		-33.995239		-138.504532
-59.006764		33.997092		21.500241		21.942147		21.942146		-33.997093		-137.760574
-58.997383		33.997154		21.502357		21.943829		21.943829		-33.997154		-137.083618
-58.980604		33.994179		21.469216		21.946620		21.946621		-33.994179		-136.582993
-58.969130		33.994067		21.456079		21.952202		21.952202		-33.994068		-136.160172
-58.956543		33.995825		21.462249		21.951902		21.951902		-33.995827		-135.493988
-58.939803		33.995194		21.394808		21.949119		21.949118		-33.995193		-134.885864
-58.931883		33.993964		21.431337		21.951041		21.951042		-33.993965		-135.012924
-58.923135		33.996891		21.441788		21.954617		21.954617		-33.996891		-135.743500
-58.908117		33.997810		21.467959		21.951391		21.951391		-33.997810		-135.979797
-58.894372		33.998930		21.438506		21.951082		21.951082		-33.998928		-135.426895
-58.890953		34.001013		21.449343		21.955512		21.955511		-34.001015		-135.179916
-58.872606		34.000658		21.411299		21.952286		21.952286		-34.000656		-134.717407
-58.856399		33.996922		21.388841		21.958100		21.958099		-33.996922		-133.649063
-58.853223		33.993746		21.393894		21.963153		21.963152		-33.993744		-132.853058
-58.839356		33.991218		21.363572		21.962275		21.962275		-33.991219		-132.200775
-58.814484		33.989040		21.421071		21.967801		21.967800		-33.989040		-131.551590
-58.798076		33.987588		21.399077		21.969199		21.969200		-33.987587		-130.760223
-58.792255		33.988968		21.373657		21.968950		21.968950		-33.988968		-130.848877
-58.780181		33.987380		21.419069		21.971732		21.971731		-33.987381		-130.482605
-58.779375		33.989948		21.414288		21.979622		21.979622		-33.989948		-129.381531
-58.772335		33.992444		21.428549		21.983792		21.983791		-33.992443		-129.240646
-58.769408		33.994149		21.373139		21.985418		21.985418		-33.994148		-129.623947
-58.769360		33.995132		21.319567		21.984354		21.984354		-33.995132		-129.414902
-58.769850		33.998411		21.346215		21.978145		21.978146		-33.998409		-129.180252
-58.761892		33.998015		21.272036		21.975418		21.975418		-33.998016		-129.058380
-58.751202		34.000518		21.211762		21.978663		21.978662		-34.000519		-128.225677
-58.750763		33.999223		21.199871		21.984342		21.984343		-33.999222		-128.013535
-58.748424		33.999415		21.181549		21.986937		21.986937		-33.999416		-127.696480
-58.748766		34.001710		21.106718		21.985358		21.985357		-34.001709		-127.814407
-58.741572		33.998930		21.087400		21.980457		21.980457		-33.998928		-128.184113
-58.734392		33.995545		20.990570		21.979672		21.979671		-33.995544		-128.591736
-58.734134		33.994234		20.957128		21.981308		21.981308		-33.994232		-128.822388
-58.733396		33.995593		21.011841		21.986526		21.986526		-33.995594		-129.047348
-58.730194		33.998749		21.060446		21.990926		21.990927		-33.998749		-129.366699
-58.725270		34.004063		21.019630		21.991831		21.991831		-34.004063		-129.985168
-58.724063		34.006054		21.028402		21.994570		21.994570		-34.006054		-130.280182
-58.718658		34.009643		20.932004		21.992528		21.992527		-34.009644		-130.068939
-58.714242		34.006931		20.974469		21.985786		21.985786		-34.006931		-130.236526
-58.701678		34.007703		20.931245		21.986840		21.986839		-34.007702		-130.135956
-58.697247		34.009383		20.920062		21.984308		21.984308		-34.009384		-130.262482
-58.695591		34.007826		20.832108		21.985551		21.985550		-34.007828		-129.986557
-58.693853		34.010042		20.844327		21.984598		21.984598		-34.010044		-129.081268
-58.693556		34.010794		20.874008		21.983749		21.983749		-34.010796		-129.186111
-58.688573		34.007570		20.865149		21.978371		21.978371		-34.007568		-130.243149
-58.688663		34.005470		20.861181		21.975635		21.975636		-34.005470		-130.838440
-58.684792		34.004554		20.916245		21.979229		21.979229		-34.004555		-131.311325
-58.686573		34.005401		20.851376		21.977117		21.977118		-34.005402		-131.222595
-58.688359		34.007157		20.878285		21.974141		21.974140		-34.007156		-131.271484
-58.692779		34.008099		20.851961		21.976122		21.976122		-34.008099		-130.959122
-58.691667		34.008748		20.870256		21.974518		21.974518		-34.008747		-131.100037
-58.693052		34.006829		20.848659		21.970306		21.970306		-34.006828		-131.477295
-58.688269		34.004404		20.903247		21.970845		21.970846		-34.004406		-131.851913
-58.686421		34.006812		20.952617		21.970830		21.970831		-34.006813		-132.023697
-58.680435		34.004872		20.921746		21.970714		21.970715		-34.004871		-132.502563
-58.678693		34.008420		20.893831		21.972300		21.972300		-34.008419		-131.954178
-58.674151		34.011470		20.949030		21.976508		21.976507		-34.011471		-131.763474
-58.668280		34.012153		20.935498		21.974593		21.974594		-34.012154		-132.163834
-58.666267		34.013738		20.985024		21.974979		21.974979		-34.013737		-132.445602
-58.667246		34.011702		21.029165		21.975968		21.975967		-34.011703		-133.066406
-58.666592		34.009674		21.050092		21.977216		21.977217		-34.009674		-133.078552
-58.665371		34.008188		20.965781		21.980686		21.980686		-34.008186		-132.860992
-58.662920		34.007929		20.962022		21.980761		21.980761		-34.007927		-133.012680
-58.663603		34.007208		20.976784		21.983186		21.983187		-34.007210		-133.494141
-58.665832		34.006402		21.000149		21.983502		21.983501		-34.006401		-133.782730
-58.668064		34.007266		20.939984		21.988360		21.988359		-34.007267		-132.975739
-58.666867		34.009803		20.928844		21.986799		21.986799		-34.009804		-131.927963
-58.670432		34.011350		20.899529		21.987289		21.987289		-34.011349		-131.621445
-58.671340		34.011470		20.869582		21.990277		21.990276		-34.011471		-132.009857
-58.672657		34.008960		20.898849		21.993575		21.993574		-34.008961		-132.000626
-58.671065		34.006853		20.868150		21.992956		21.992956		-34.006851		-132.019531
-58.668385		34.006699		20.891697		21.987330		21.987329		-34.006699		-132.280609
-58.664534		34.009438		20.885888		21.988428		21.988428		-34.009438		-132.065201
-58.668936		34.013840		20.886969		21.989509		21.989510		-34.013840		-131.179428
-58.658819		34.012614		20.828303		21.992407		21.992407		-34.012615		-130.177689
-58.655602		34.009004		20.883577		21.994992		21.994991		-34.009003		-129.850769
-58.647271		34.005224		20.934697		21.996071		21.996071		-34.005222		-129.887527
-58.641996		33.999244		20.876680		22.001180		22.001181		-33.999245		-130.289825
-58.636494		33.998155		20.897765		21.997208		21.997208		-33.998154		-130.981277
-58.638137		33.997096		20.948320		21.997703		21.997704		-33.997097		-132.016571
-58.634090		33.993039		20.855229		21.993861		21.993862		-33.993038		-132.885925
-58.634126		33.992462		20.827391		21.991307		21.991306		-33.992462		-132.734512
-58.641878		33.992950		20.903693		21.988705		21.988705		-33.992950		-132.190674
-58.638880		33.992619		20.950912		21.986840		21.986839		-33.992619		-131.594452
-58.636710		33.988220		20.914574		21.984523		21.984524		-33.988220		-131.533768
-58.634329		33.986967		20.885781		21.986333		21.986332		-33.986965		-130.813278
-58.635665		33.989603		20.873265		21.982452		21.982452		-33.989605		-129.998779
-58.626673		33.989265		20.817607		21.980153		21.980154		-33.989265		-129.707901
-58.627750		33.989122		20.812732		21.980846		21.980846		-33.989120		-129.910675
-58.641656		33.997492		20.862484		21.979296		21.979296		-33.997494		-130.439148
-58.642392		33.996642		20.911042		21.979048		21.979048		-33.996643		-131.029907
-58.639179		33.993428		20.911882		21.979889		21.979889		-33.993427		-131.349899
-58.637840		33.996662		20.840438		21.983440		21.983440		-33.996662		-131.650620
-58.642090		33.998558		20.888426		21.980787		21.980787		-33.998558		-132.047729
-58.638653		33.993882		20.886774		21.976846		21.976845		-33.993881		-132.144806
-58.636759		33.995088		20.834112		21.978808		21.978807		-33.995087		-132.159958
-58.636231		33.996761		20.833211		21.983008		21.983007		-33.996761		-131.032059
-58.636774		33.995173		20.833076		21.983107		21.983107		-33.995174		-130.717178
-58.645341		33.999753		20.804325		21.983302		21.983301		-33.999752		-130.738815
-58.644602		33.998868		20.859581		21.986133		21.986134		-33.998867		-131.360092
-58.639361		33.996539		20.796209		21.982055		21.982056		-33.996540		-133.375656
-58.639918		33.995334		20.850468		21.982482		21.982483		-33.995335		-134.492752
-58.643864		33.997731		20.849465		21.983913		21.983913		-33.997730		-135.006561
-58.644467		33.999340		20.842525		21.985293		21.985292		-33.999340		-134.424591
-58.646009		34.003404		20.873587		21.985237		21.985237		-34.003403		-133.273102
-58.650218		34.006870		20.864462		21.983452		21.983452		-34.006870		-132.776642
-58.643396		34.005087		20.794395		21.974421		21.974421		-34.005089		-132.816406
-58.649530		34.004722		20.842101		21.970897		21.970896		-34.004723		-132.342422
-58.656111		34.004203		20.830868		21.967917		21.967916		-34.004204		-131.271591
-58.653433		34.003369		20.819780		21.964136		21.964136		-34.003368		-131.404617
-58.649825		34.003530		20.869838		21.962873		21.962873		-34.003529		-131.535522
-58.654284		34.004404		20.860727		21.962904		21.962904		-34.004406		-131.458847
-58.659220		34.006327		20.909805		21.963542		21.963543		-34.006329		-131.820023
-58.657381		34.002273		20.959550		21.965970		21.965971		-34.002274		-132.716553
-58.661773		34.006665		20.960392		21.966812		21.966812		-34.006664		-133.158432
-58.662934		34.008000		20.950205		21.964973		21.964973		-34.007999		-133.419785
-58.663906		34.009534		21.012216		21.967271		21.967272		-34.009533		-133.664200
-58.670020		34.012669		21.004101		21.967644		21.967644		-34.012669		-133.766815
-58.672899		34.015124		20.938151		21.970688		21.970688		-34.015125		-134.216980
-58.676531		34.018427		20.928686		21.974513		21.974514		-34.018425		-135.160721
-58.679916		34.019755		20.918629		21.973484		21.973484		-34.019756		-136.714203
-58.677563		34.022231		20.939832		21.971966		21.971966		-34.022232		-136.493164
-58.676357		34.019376		20.869599		21.968974		21.968973		-34.019375		-136.722473
-58.666791		34.012515		20.808041		21.971974		21.971973		-34.012516		-136.058472
-58.664023		34.008188		20.824218		21.968305		21.968304		-34.008186		-135.294647
-58.661578		34.007129		20.880200		21.971347		21.971348		-34.007130		-135.775040
-58.663771		34.009322		20.879114		21.970261		21.970261		-34.009323		-135.980835
-58.651229		34.000777		20.819460		21.967031		21.967031		-34.000778		-136.143433
-58.644479		34.001894		20.793748		21.967502		21.967503		-34.001896		-136.654846
-58.648814		33.999732		20.782765		21.961024		21.961023		-33.999733		-137.260513
-58.644590		34.002229		20.789183		21.958823		21.958822		-34.002228		-137.542923
-58.645172		34.000928		20.836429		21.956698		21.956697		-34.000927		-137.601913
-58.649723		34.006030		20.806402		21.957170		21.957170		-34.006031		-137.651398
-58.649982		34.002290		20.780123		21.956642		21.956642		-34.002289		-138.045090
-58.648265		34.002423		20.731381		21.953611		21.953611		-34.002422		-138.253494
-58.650652		34.003923		20.685703		21.958155		21.958155		-34.003922		-137.025345
-58.643862		33.997837		20.747607		21.961509		21.961508		-33.997837		-136.685898
-58.655872		34.003977		20.747167		21.965576		21.965576		-34.003979		-136.268524
-58.657907		34.006013		20.749526		21.967934		21.967934		-34.006012		-136.088776
-58.654972		34.004370		20.796940		21.969409		21.969410		-34.004372		-135.774277
-58.659037		34.006282		20.804309		21.976767		21.976767		-34.006283		-135.739334
-58.664428		34.010340		20.798650		21.977013		21.977013		-34.010338		-135.934677
-58.665048		34.011378		20.805449		21.985597		21.985598		-34.011379		-136.062347
-58.663518		34.009848		20.802610		21.982757		21.982758		-34.009850		-135.877686
-58.659205		34.007751		20.778154		21.983618		21.983618		-34.007751		-135.968735
-58.660294		34.005002		20.774474		21.979581		21.979582		-34.005001		-136.203323
-58.658546		34.004145		20.711938		21.975054		21.975054		-34.004143		-136.202362
-58.655329		34.000928		20.716884		21.980001		21.980001		-34.000927		-135.729965
-58.656502		33.999128		20.714650		21.978990		21.978991		-33.999126		-135.546463
-58.649055		34.000648		20.740499		21.976130		21.976130		-34.000648		-135.799500
-58.647445		34.004329		20.793303		21.976260		21.976259		-34.004330		-136.028397
-58.647578		34.004462		20.793426		21.976383		21.976383		-34.004463		-136.694870
-58.646260		34.002119		20.889773		21.971614		21.971613		-34.002121		-137.094498
-58.643454		34.001259		20.875014		21.963851		21.963852		-34.001259		-136.740616
-58.640186		34.000347		20.840264		21.960412		21.960413		-34.000347		-135.696960
-58.633248		33.998482		20.831936		21.959041		21.959042		-33.998482		-134.617432
-58.635832		33.997591		20.782703		21.960457		21.960457		-33.997593		-133.344086
-58.626305		33.992923		20.761182		21.963850		21.963850		-33.992924		-132.355270
-58.630136		33.994166		20.742662		21.965328		21.965328		-33.994167		-131.880234
-58.627028		33.990064		20.722837		21.965516		21.965517		-33.990063		-130.720749
-58.632555		33.989497		20.728473		21.970388		21.970388		-33.989498		-129.404388
-58.627996		33.989620		20.711456		21.974885		21.974886		-33.989620		-128.412964
-58.632161		33.987544		20.715362		21.979007		21.979008		-33.987545		-127.932281
-58.633066		33.988449		20.715437		21.979083		21.979082		-33.988449		-127.505058
-58.629842		33.987667		20.713186		21.975136		21.975136		-33.987667		-127.550110
-58.636404		33.991519		20.749567		21.981092		21.981092		-33.991520		-127.049500
-58.635644		33.989562		20.731658		21.986946		21.986946		-33.989563		-126.851532
-58.644399		33.991546		20.733510		21.990779		21.990780		-33.991547		-127.334724
-58.646840		33.992369		20.726054		21.985088		21.985088		-33.992371		-127.792374
-58.652687		33.994934		20.665400		21.983818		21.983818		-33.994934		-127.891945
-58.645589		33.995856		20.700379		21.982534		21.982534		-33.995857		-128.559418
-58.651637		33.997017		20.759483		21.983254		21.983253		-33.997017		-129.286667
-58.647831		33.996126		20.787059		21.979040		21.979040		-33.996124		-129.597412
-58.647838		33.994439		20.785210		21.980833		21.980833		-33.994438		-129.711990
-58.647150		33.996573		20.705774		21.982310		21.982309		-33.996574		-130.151031
-58.649916		33.999340		20.705647		21.982183		21.982183		-33.999340		-130.528687
-58.656251		34.002167		20.685931		21.984229		21.984230		-34.002167		-130.752991
-58.660294		34.002570		20.715129		21.984489		21.984489		-34.002571		-131.351105
-58.650271		33.998223		20.851313		21.981041		21.981041		-33.998222		-131.356476
-58.653891		33.998400		20.814157		21.973999		21.973999		-33.998402		-131.247269
-58.651316		33.996782		20.810868		21.971378		21.971378		-33.996780		-131.549850
-58.655797		34.000880		20.861248		21.970758		21.970758		-34.000881		-131.885757
-58.658638		34.005483		20.801308		21.972737		21.972738		-34.005482		-132.511902
-58.667761		34.009079		20.826206		21.969771		21.969770		-34.009079		-133.069809
-58.672435		34.010582		20.873559		21.966606		21.966606		-34.010582		-133.098358
-58.671666		34.009418		20.810706		21.968229		21.968229		-34.009418		-133.447800
-58.675669		34.007249		20.805507		21.968890		21.968891		-34.007248		-134.299911
-58.672903		34.007966		20.726135		21.974385		21.974384		-34.007965		-134.954559
-58.673700		34.006839		20.787280		21.977969		21.977970		-34.006840		-135.651566
-58.671648		34.007771		20.756217		21.974363		21.974363		-34.007771		-136.247391
-58.676828		34.011122		20.727697		21.970097		21.970097		-34.011120		-136.815857
-58.679062		34.012156		20.778739		21.965892		21.965891		-34.012157		-137.106705
-58.682354		34.015701		20.776729		21.967724		21.967724		-34.015701		-137.092819
-58.683399		34.016746		20.783426		21.974421		21.974421		-34.016747		-136.451279
-58.682839		34.014789		20.807192		21.971103		21.971104		-34.014790		-135.685562
-58.680484		34.014888		20.805154		21.972592		21.972591		-34.014889		-135.419968
-58.672406		34.011504		20.784480		21.976689		21.976688		-34.011505		-135.385788
-58.670487		34.014164		20.785710		21.976415		21.976416		-34.014164		-134.878769
-58.661510		34.011733		20.719915		21.973697		21.973698		-34.011734		-133.527634
-58.661913		34.014424		20.723015		21.979125		21.979126		-34.014423		-132.684174
-58.657955		34.015531		20.734372		21.979540		21.979540		-34.015530		-132.363678
-58.660236		34.019041		20.733420		21.979004		21.979004		-34.019043		-132.643921
-58.667859		34.018976		20.732092		21.980503		21.980503		-34.018978		-133.180313
-58.669525		34.018440		20.787050		21.980896		21.980896		-34.018440		-133.644882
-58.662108		34.015524		20.836830		21.978357		21.978357		-34.015522		-134.113449
-58.659102		34.015056		20.813160		21.981927		21.981928		-34.015057		-134.547104
-58.651741		34.012556		20.807238		21.981226		21.981226		-34.012554		-134.956970
-58.652901		34.009721		20.784887		21.985693		21.985693		-34.009720		-134.902710
-58.651318		34.008707		20.773919		21.977691		21.977692		-34.008709		-135.027496
-58.651787		34.006327		20.823584		21.974667		21.974667		-34.006329		-135.482071
-58.645051		34.005063		20.755167		21.964732		21.964733		-34.005062		-135.928223
-58.644388		34.003352		20.810517		21.964637		21.964636		-34.003353		-135.392853
-58.630998		34.001611		20.861466		21.963190		21.963190		-34.001610		-134.862198
-58.631998		34.002611		20.858631		21.960356		21.960356		-34.002613		-134.531860
-58.634188		34.002809		20.881523		21.958563		21.958563		-34.002808		-133.723495
-58.644061		34.003752		20.874332		21.959818		21.959818		-34.003754		-133.332581
-58.643917		34.003608		20.870946		21.956432		21.956432		-34.003609		-132.997833
-58.641660		34.001904		20.843020		21.957205		21.957205		-34.001904		-133.298004
-58.641764		34.001798		20.842372		21.959550		21.959551		-34.001797		-133.660187
-58.632774		34.003315		20.783602		21.963356		21.963356		-34.003315		-134.388947
-58.632290		34.003434		20.837872		21.965270		21.965271		-34.003433		-134.670349
-58.638979		34.003123		20.834718		21.964739		21.964739		-34.003124		-134.681686
-58.644026		34.006402		20.887796		21.967377		21.967377		-34.006401		-135.016296
-58.638740		34.008178		20.919911		21.971993		21.971992		-34.008179		-135.184753
-58.637859		34.005436		20.890098		21.971242		21.971241		-34.005436		-134.844513
-58.639585		34.006798		20.880104		21.968344		21.968344		-34.006798		-134.938004
-58.635805		34.006487		20.932876		21.968685		21.968685		-34.006489		-134.860184
-58.634297		34.002792		20.920303		21.964553		21.964554		-34.002792		-134.783630
-58.633522		34.007870		20.868971		21.967521		21.967522		-34.007870		-134.436554
-58.630679		34.009120		20.862174		21.968926		21.968925		-34.009121		-134.519058
-58.629956		34.008198		20.799873		21.966711		21.966711		-34.008198		-134.605209
-58.628331		34.007331		20.796974		21.967574		21.967573		-34.007332		-134.571899
-58.630969		34.011091		20.796926		21.970710		21.970711		-34.011089		-134.731995
-58.630583		34.010654		20.800025		21.976537		21.976536		-34.010654		-135.582199
-58.630576		34.011231		20.852411		21.975094		21.975094		-34.011230		-135.824539
-58.629417		34.006272		20.899006		21.970347		21.970346		-34.006271		-135.476974
-58.636441		34.005125		20.947816		21.971306		21.971306		-34.005123		-135.584152
-58.639956		34.005555		20.875070		21.964553		21.964554		-34.005554		-135.551468
-58.638970		34.009260		20.929623		21.969648		21.969648		-34.009262		-135.703339
-58.635149		34.006884		20.921595		21.969302		21.969301		-34.006882		-135.894592
-58.630706		34.006364		20.857415		21.971318		21.971319		-34.006363		-136.016296
-58.624139		34.005132		20.855106		21.973490		21.973490		-34.005131		-135.999466
-58.622694		34.003687		20.853221		21.971605		21.971605		-34.003689		-136.326538
-58.621144		34.003489		20.875810		21.969445		21.969444		-34.003490		-136.782944
-58.628828		34.005719		20.918387		21.968518		21.968517		-34.005718		-137.672577
-58.632601		34.009493		20.922019		21.972150		21.972151		-34.009491		-138.608597
-58.631519		34.009100		20.881276		21.974870		21.974871		-34.009098		-138.488602
-58.635280		34.010760		20.908451		21.975939		21.975939		-34.010761		-137.822952
-58.637878		34.013410		20.930336		21.973837		21.973837		-34.013409		-137.401230
-58.642099		34.015425		20.962928		21.976380		21.976379		-34.015423		-137.166321
-58.640999		34.015992		20.859125		21.971527		21.971527		-34.015991		-136.363373
-58.639641		34.014345		20.858227		21.973031		21.973030		-34.014347		-136.409729
-58.636730		34.015828		20.829214		21.971534		21.971533		-34.015827		-136.845871
-58.633638		34.013697		20.805715		21.975346		21.975346		-34.013695		-137.056030
-58.636937		34.015934		20.830397		21.974327		21.974327		-34.015934		-137.103287
-58.638200		34.015169		20.864389		21.979952		21.979952		-34.015167		-136.478638
-58.640922		34.016688		20.814315		21.977418		21.977417		-34.016689		-136.110092
-58.639976		34.020278		20.816517		21.980940		21.980940		-34.020279		-135.610092
-58.645428		34.024714		20.817051		21.983707		21.983707		-34.024715		-135.314362
-58.652431		34.026595		20.750936		21.978123		21.978123		-34.026596		-135.597061
-58.650083		34.018864		20.718540		21.974865		21.974865		-34.018864		-135.735107
-58.651919		34.020838		20.720841		21.972799		21.972799		-34.020836		-135.824280
-58.652974		34.021893		20.717161		21.969119		21.969118		-34.021893		-135.610519
-58.651630		34.023556		20.719985		21.973951		21.973951		-34.023556		-135.268707
-58.656229		34.028190		20.720411		21.977477		21.977478		-34.028191		-135.144943
-58.652269		34.026985		20.719150		21.975676		21.975676		-34.026985		-135.478531
-58.655832		34.031281		20.721100		21.980037		21.980038		-34.031281		-136.154984
-58.651439		34.032206		20.778755		21.983433		21.983433		-34.032207		-136.451508
-58.649081		34.028259		20.754151		21.989893		21.989893		-34.028259		-136.359665
-58.650747		34.029925		20.757566		21.993308		21.993309		-34.029926		-136.030716
-58.649501		34.030154		20.699699		21.989806		21.989805		-34.030155		-135.979080
-58.641004		34.027784		20.752446		21.984875		21.984875		-34.027782		-136.371872
-58.642642		34.024666		20.805330		21.983106		21.983105		-34.024666		-136.193558
-58.643328		34.026886		20.860716		21.983164		21.983164		-34.026886		-135.682495
-58.648297		34.029580		20.913471		21.985841		21.985842		-34.029579		-135.711929
-58.643852		34.031704		20.969934		21.994089		21.994089		-34.031704		-135.699600
-58.646311		34.028006		20.953725		21.990207		21.990208		-34.028008		-135.769470
-58.642292		34.028105		20.940611		21.992931		21.992931		-34.028107		-135.028702
-58.646163		34.029088		20.929501		21.991220		21.991220		-34.029087		-134.392578
-58.638421		34.026804		20.918815		21.991018		21.991018		-34.026802		-134.172775
-58.640058		34.026582		20.887086		21.987000		21.987001		-34.026581		-134.764114
-58.634259		34.024130		20.913861		21.987171		21.987171		-34.024128		-135.448990
-58.642695		34.027832		20.967625		21.991049		21.991049		-34.027832		-135.330978
-58.627653		34.021883		20.952985		21.984323		21.984324		-34.021881		-135.195114
-58.626534		34.017778		20.941767		21.982559		21.982559		-34.017776		-135.730865
-58.628271		34.016661		20.988310		21.983577		21.983578		-34.016663		-137.421082
-58.634995		34.021442		21.017476		21.988739		21.988739		-34.021442		-138.415207
-58.636833		34.021032		21.055735		21.983529		21.983528		-34.021030		-139.012100
-58.641392		34.018601		21.045842		21.986140		21.986139		-34.018600		-139.915054
-58.634305		34.015377		21.071273		21.989758		21.989758		-34.015377		-139.993103
-58.637900		34.017440		21.042928		21.995571		21.995571		-34.017441		-139.556946
-58.642083		34.013458		21.056637		21.982428		21.982428		-34.013458		-139.240707
-58.642425		34.013799		21.056316		21.982107		21.982107		-34.013798		-139.283920
-58.634177		34.010777		21.055469		21.982757		21.982758		-34.010777		-139.371292
-58.636920		34.010206		20.984433		21.981668		21.981668		-34.010208		-139.575180
-58.640736		34.010814		21.031252		21.981845		21.981846		-34.010815		-139.675034
-58.629471		34.004872		20.986879		21.974073		21.974073		-34.004871		-139.701645
-58.621437		34.000429		21.035149		21.975130		21.975130		-34.000427		-139.418060
-58.620411		34.000422		21.020597		21.976127		21.976128		-34.000423		-138.289368
-58.628158		34.001252		20.945178		21.968663		21.968662		-34.001251		-137.172989
-58.622820		33.999613		20.874547		21.964411		21.964411		-33.999611		-136.856857
-58.616270		33.998404		20.924509		21.966117		21.966118		-33.998405		-136.921417
-58.614846		33.999695		20.968354		21.962938		21.962938		-33.999695		-136.758057
-58.624444		34.002198		21.019232		21.966481		21.966480		-34.002197		-136.338669
-58.624748		34.005552		21.011097		21.971645		21.971645		-34.005550		-136.244293
-58.629639		34.008041		21.002089		21.973417		21.973417		-34.008041		-135.825241
-58.635149		34.014943		21.050001		21.975864		21.975864		-34.014942		-134.861664
-58.632342		34.011815		20.983845		21.974590		21.974590		-34.011814		-134.684875
-58.629529		34.007239		21.005206		21.971993		21.971992		-34.007240		-134.359512
-58.630417		34.008229		20.970889		21.972042		21.972042		-34.008228		-133.832382
-58.614025		34.005668		20.953105		21.973477		21.973476		-34.005669		-133.181747
-58.611911		34.004848		20.976412		21.973366		21.973366		-34.004848		-132.385025
-58.614177		34.004729		20.900020		21.976496		21.976496		-34.004730		-132.671844
-58.611648		34.000371		20.890767		21.972678		21.972677		-34.000370		-132.992188
-58.610449		34.003144		20.882171		21.974472		21.974472		-34.003143		-132.612793
-58.610232		34.001945		20.933976		21.976789		21.976789		-34.001945		-131.689285
-58.615522		34.003369		20.902258		21.974691		21.974691		-34.003368		-131.816422
-58.620995		34.006139		20.876212		21.976443		21.976442		-34.006138		-132.670639
-58.627383		34.007228		20.874638		21.979016		21.979015		-34.007229		-133.593109
-58.623708		34.002051		20.924194		21.983230		21.983231		-34.002052		-133.959335
-58.624612		34.002659		20.859177		21.981588		21.981588		-34.002659		-133.899460
-58.624782		34.001976		20.793241		21.980952		21.980953		-34.001976		-133.975601
-58.618394		34.000449		20.792228		21.981769		21.981768		-34.000450		-134.042282
-58.619325		33.999842		20.766527		21.976875		21.976875		-33.999840		-133.835144
-58.618895		33.996638		20.763222		21.973757		21.973757		-33.996639		-133.457336
-58.614071		33.997195		20.706104		21.972623		21.972624		-33.997196		-133.536987
-58.608723		33.991847		20.702947		21.969466		21.969465		-33.991848		-134.072891
-58.610938		33.990798		20.790216		21.969915		21.969915		-33.990799		-134.510223
-58.620440		33.996071		20.850722		21.969042		21.969042		-33.996071		-134.639648
-58.619597		33.989480		20.845026		21.964632		21.964632		-33.989479		-134.314407
-58.617927		33.989081		20.868845		21.962164		21.962164		-33.989082		-134.181641
-58.624361		33.993097		20.849465		21.970767		21.970766		-33.993095		-133.994522
-58.614365		33.988363		20.838156		21.966086		21.966087		-33.988365		-134.060532
-58.611926		33.986331		20.832110		21.966027		21.966026		-33.986332		-133.885605
-58.621130		33.993117		20.885148		21.966647		21.966646		-33.993118		-133.650101
-58.625138		33.993124		20.916268		21.972862		21.972862		-33.993126		-133.081650
-58.625827		33.992011		20.877884		21.968819		21.968819		-33.992012		-132.704178
-58.629155		33.991471		20.874431		21.967582		21.967583		-33.991470		-133.309708
-58.629845		33.992161		20.872749		21.965900		21.965900		-33.992161		-133.552734
-58.633962		33.993677		20.811934		21.965152		21.965153		-33.993679		-133.322311
-58.635173		33.996652		20.809938		21.962893		21.962893		-33.996651		-132.853348
-58.636313		33.996256		20.736081		21.954465		21.954464		-33.996254		-132.815247
-58.635692		33.997362		20.659780		21.956907		21.956907		-33.997364		-132.553436
-58.632261		33.994866		20.660694		21.955942		21.955942		-33.994865		-132.264816
-58.636681		33.994384		20.717732		21.956128		21.956127		-33.994385		-132.226562
-58.635214		33.993923		20.733250		21.957940		21.957939		-33.993923		-132.101868
-58.631310		33.992444		20.654637		21.958611		21.958611		-33.992443		-132.043823
-58.634153		33.994323		20.630109		21.956825		21.956825		-33.994324		-131.628387
-58.637297		33.999220		20.576012		21.957149		21.957150		-33.999222		-130.555786
-58.638475		34.003871		20.527757		21.961556		21.961555		-34.003872		-130.516418
-58.637029		34.003031		20.534733		21.960656		21.960657		-34.003033		-129.958145
-58.641373		34.006740		20.472703		21.955257		21.955257		-34.006741		-129.152313
-58.653066		34.011897		20.483640		21.956543		21.956543		-34.011898		-128.300293
-58.649989		34.009407		20.530333		21.960779		21.960779		-34.009407		-128.285339
-58.644368		34.003786		20.524282		21.954728		21.954727		-34.003784		-128.293961
-58.648760		34.003830		20.456314		21.955150		21.955149		-34.003830		-128.320099
-58.649211		34.001979		20.465297		21.957004		21.957005		-34.001980		-128.879883
-58.646552		34.001860		20.473058		21.955170		21.955170		-34.001862		-129.360184
-58.638680		34.000740		20.411417		21.955845		21.955845		-34.000740		-129.673996
-58.639122		33.997864		20.460293		21.959992		21.959991		-33.997864		-130.272461
-58.629775		33.992561		20.525399		21.958430		21.958429		-33.992561		-131.060501
-58.630496		33.988070		20.590484		21.961601		21.961601		-33.988071		-131.573181
-58.625050		33.990443		20.594079		21.961539		21.961538		-33.990444		-132.040100
-58.621511		33.986584		20.556394		21.965834		21.965834		-33.986584		-132.801651
-58.608320		33.982759		20.502191		21.965219		21.965219		-33.982758		-132.280930
-58.610941		33.983333		20.452608		21.966433		21.966433		-33.983334		-131.726562
-58.610724		33.982305		20.461170		21.962765		21.962765		-33.982304		-131.424835
-58.610214		33.986366		20.482108		21.965835		21.965836		-33.986366		-131.354935
-58.608451		33.983220		20.379786		21.961935		21.961935		-33.983219		-131.405899
-58.606093		33.981325		20.364323		21.960689		21.960690		-33.981323		-131.313766
-58.609684		33.984610		20.399848		21.960839		21.960838		-33.984612		-131.049911
-58.610516		33.983852		20.374067		21.958181		21.958181		-33.983852		-130.746002
-58.616163		33.986092		20.372478		21.961196		21.961197		-33.986092		-131.108353
-58.616101		33.986731		20.382768		21.959891		21.959892		-33.986732		-131.240036
-58.623181		33.988985		20.446964		21.958054		21.958054		-33.988983		-131.062363
-58.622469		33.985662		20.438060		21.958841		21.958841		-33.985661		-130.696274
-58.626896		33.987100		20.445669		21.956319		21.956320		-33.987099		-130.540146
-58.635569		33.990788		20.510486		21.954666		21.954666		-33.990788		-130.369080
-58.633103		33.987404		20.515955		21.953447		21.953447		-33.987404		-130.347244
-58.630914		33.989876		20.553823		21.950416		21.950417		-33.989876		-130.036987
-58.628466		33.992940		20.539781		21.954595		21.954596		-33.992939		-130.181595
-58.628773		33.993247		20.544984		21.959798		21.959797		-33.993248		-130.420486
-58.626229		33.993121		20.521337		21.961034		21.961033		-33.993122		-130.483032
-58.621378		33.991884		20.472553		21.957202		21.957203		-33.991886		-130.077560
-58.624414		33.988811		20.423470		21.953611		21.953611		-33.988811		-130.359344
-58.626697		33.989064		20.440504		21.957812		21.957811		-33.989063		-131.164459
-58.629473		33.989999		20.451405		21.956451		21.956451		-33.989998		-132.822159
-58.628708		33.988442		20.520057		21.956558		21.956558		-33.988441		-133.405487
-24.611115		0.000000		1.432489		0.000000		0.000000		0.000000		0.000000
-58.644009		34.038169		20.656143		22.086177		22.086176		-34.038170		-126.836533
-58.639694		34.031107		20.686946		22.084471		22.084471		-34.031105		-127.344917
-58.634474		34.029136		20.660148		22.074562		22.074562		-34.029137		-127.900330
-58.630496		34.024625		20.598058		22.063796		22.063795		-34.024624		-128.379456
-58.626362		34.021469		20.609047		22.059143		22.059143		-34.021469		-129.049347
-58.627306		34.014988		20.619255		22.056923		22.056923		-34.014988		-129.441376
-58.614619		34.008024		20.616007		22.048580		22.048580		-34.008022		-129.239410
-58.600040		34.005350		20.664045		22.044956		22.044956		-34.005352		-128.402267
-58.596683		34.002990		20.664135		22.038999		22.039000		-34.002991		-128.817398
-58.598759		34.005074		20.661862		22.034907		22.034908		-34.005074		-129.849091
-58.604951		34.004845		20.663475		22.031911		22.031910		-34.004845		-130.813538
-58.605986		34.005972		20.582550		22.029558		22.029558		-34.005970		-131.721878
-58.613313		34.008250		20.585231		22.022811		22.022812		-34.008251		-131.126007
-58.606880		34.003933		20.649197		22.022241		22.022242		-34.003933		-130.170074
-58.607756		33.999637		20.707918		22.019485		22.019485		-33.999638		-129.239182
-58.613598		34.000316		20.790897		22.015740		22.015739		-34.000317		-128.994019
-58.606882		33.996870		20.725079		22.008695		22.008696		-33.996872		-129.122787
-58.602974		33.992503		20.743115		22.004044		22.004044		-33.992504		-130.387604
-58.604726		33.994405		20.677024		21.995880		21.995880		-33.994404		-131.101257
-58.615164		33.996618		20.690321		22.002874		22.002874		-33.996616		-130.921051
-58.613108		33.993315		20.747968		22.003702		22.003702		-33.993317		-130.400146
-58.611696		33.989064		20.739275		21.997900		21.997900		-33.989063		-130.383926
-58.609310		33.986441		20.742509		21.999102		21.999102		-33.986443		-130.624832
-58.612719		33.986533		20.686585		21.997410		21.997410		-33.986534		-131.196350
-58.619260		33.992434		20.688840		21.997335		21.997335		-33.992435		-132.179321
-58.620577		33.990686		20.686404		21.998272		21.998272		-33.990685		-132.503983
-58.619858		33.987667		20.571331		21.991712		21.991711		-33.987667		-132.273514
-58.621531		33.990221		20.503961		21.990603		21.990602		-33.990223		-131.783249
-58.624451		33.993141		20.507523		21.994165		21.994165		-33.993141		-131.867477
-58.634502		33.989750		20.629679		21.984163		21.984163		-33.989750		-132.512527
-58.635535		33.989224		20.607461		21.982475		21.982475		-33.989223		-131.898773
-58.634440		33.985327		20.641242		21.980662		21.980661		-33.985329		-131.263840
-58.628389		33.981540		20.632403		21.971110		21.971109		-33.981541		-130.596558
-58.635318		33.985488		20.635765		21.974179		21.974178		-33.985489		-129.494476
-58.629265		33.981332		20.660946		21.973374		21.973373		-33.981331		-128.984375
-58.628377		33.979833		20.657910		21.973256		21.973257		-33.979832		-128.542816
-58.625580		33.979744		20.715410		21.975693		21.975693		-33.979744		-128.654175
-58.627221		33.977906		20.633898		21.972107		21.972107		-33.977905		-129.469589
-58.619947		33.973009		20.662328		21.971694		21.971695		-33.973011		-129.846725
-58.616757		33.973590		20.659926		21.969503		21.969503		-33.973591		-130.450562
-58.606536		33.970123		20.640233		21.967632		21.967632		-33.970123		-130.419876
-58.607318		33.971401		20.723229		21.963194		21.963194		-33.971401		-130.694626
-58.607944		33.974222		20.720939		21.963107		21.963106		-33.974220		-131.003433
-58.612317		33.978555		20.784142		21.974979		21.974979		-33.978554		-131.704910
-58.605890		33.977831		20.776904		21.974911		21.974911		-33.977833		-132.376999
-58.611436		33.980389		20.765283		21.969624		21.969624		-33.980389		-133.137863
-58.608197		33.980765		20.763830		21.969194		21.969194		-33.980766		-133.968613
-58.610944		33.979307		20.706863		21.969790		21.969790		-33.979305		-134.813995
-58.607364		33.983347		20.758719		21.967722		21.967722		-33.983345		-135.157043
-58.608197		33.984965		20.813989		21.970217		21.970217		-33.984966		-135.295670
-58.608509		33.985713		20.783010		21.965303		21.965303		-33.985714		-135.095261
-58.608812		33.986202		20.705062		21.964068		21.964067		-33.986202		-135.283813
-58.615604		33.988452		20.706923		21.964570		21.964571		-33.988453		-135.166428
-58.614988		33.988299		20.771123		21.972404		21.972404		-33.988300		-135.208496
-58.615927		33.985754		20.763456		21.969816		21.969816		-33.985756		-135.657516
-58.615714		33.987404		20.731524		21.968907		21.968906		-33.987404		-136.604004
-58.620580		33.988910		20.783709		21.966310		21.966311		-33.988911		-136.919006
-58.614897		33.988462		20.779825		21.967487		21.967487		-33.988464		-136.751419
-58.615584		33.984580		20.803780		21.968996		21.968996		-33.984581		-136.036301
-58.623507		33.985891		20.847152		21.965945		21.965944		-33.985889		-135.186188
-58.611337		33.978695		20.862032		21.962251		21.962252		-33.978695		-134.579147
-58.618236		33.980495		20.889143		21.965851		21.965851		-33.980495		-134.172333
-58.619313		33.977811		20.824597		21.966978		21.966978		-33.977810		-133.688721
-58.617377		33.977749		20.827856		21.973383		21.973383		-33.977749		-133.178391
-58.623976		33.978801		20.877077		21.973079		21.973080		-33.978802		-132.970459
-58.622523		33.978589		20.872109		21.973355		21.973356		-33.978588		-132.523849
-58.626941		33.984863		20.865618		21.975104		21.975103		-33.984863		-132.703537
-58.624234		33.984501		20.862005		21.977028		21.977028		-33.984501		-132.931305
-58.625510		33.985020		20.858682		21.984340		21.984341		-33.985020		-132.846512
-58.618833		33.985426		20.910766		21.988452		21.988451		-33.985428		-133.369186
-58.620860		33.986349		20.952910		21.988278		21.988277		-33.986347		-133.558075
-58.623428		33.986789		20.922154		21.989934		21.989935		-33.986790		-133.318649
-58.623331		33.983381		20.965769		21.990243		21.990244		-33.983379		-132.493927
-58.614721		33.978135		21.006120		21.988090		21.988091		-33.978134		-132.008545
-58.615792		33.977742		20.993740		21.991708		21.991709		-33.977741		-131.757706
-58.606925		33.976779		20.979868		21.989517		21.989517		-33.976780		-131.485077
-58.610839		33.976995		21.023605		21.990216		21.990215		-33.976994		-131.166718
-58.608535		33.973450		21.005408		21.986328		21.986328		-33.973450		-130.887512
-58.601879		33.970362		20.867730		21.983235		21.983234		-33.970364		-130.805969
-58.602313		33.969519		20.913553		21.982583		21.982584		-33.969521		-131.098129
-58.603291		33.970250		20.844909		21.980292		21.980291		-33.970249		-131.145691
-58.598481		33.972487		20.838412		21.981801		21.981800		-33.972488		-131.071976
-24.644721		0.000000		1.415597		0.000000		0.000000		0.000000		0.000000
-58.527683		33.874566		20.749667		22.108682		22.108683		-33.874565		-117.910934
-58.530183		33.876755		20.745486		22.097247		22.097246		-33.876755		-119.788635
-58.535013		33.883148		20.675302		22.088244		22.088243		-33.883148		-121.518547
-58.547118		33.893697		20.636967		22.082041		22.082041		-33.893696		-123.756973
-58.545453		33.899352		20.739144		22.077226		22.077225		-33.899353		-124.230209
-58.550142		33.904041		20.732722		22.070803		22.070803		-33.904041		-124.344032
-58.547871		33.911111		20.729067		22.062150		22.062149		-33.911110		-124.679817
-58.554215		33.918600		20.740576		22.053480		22.053480		-33.918598		-125.830078
-58.567552		33.926335		20.719296		22.045035		22.045034		-33.926334		-126.647606
-58.568001		33.929053		20.702377		22.045142		22.045143		-33.929054		-126.815193
-58.557274		33.930139		20.737290		22.037001		22.037001		-33.930138		-127.121994
-58.561666		33.937031		20.797954		22.036581		22.036581		-33.937031		-126.941757
-58.559318		33.941211		20.748098		22.034078		22.034077		-33.941212		-126.707710
-58.558876		33.944599		20.698712		22.034136		22.034136		-33.944599		-127.384064
-58.563138		33.950360		20.653118		22.035312		22.035313		-33.950359		-128.002731
-58.571720		33.955254		20.665330		22.038131		22.038132		-33.955254		-127.864609
-58.585471		33.962487		20.727824		22.038843		22.038843		-33.962486		-127.518440
-58.588627		33.967067		20.760472		22.032640		22.032640		-33.967068		-127.740646
-58.588794		33.970424		20.705581		22.023511		22.023512		-33.970425		-128.798920
-58.587964		33.969959		20.745677		22.026334		22.026335		-33.969959		-129.042206
-58.583982		33.967425		20.687697		22.017721		22.017721		-33.967426		-128.712357
-58.586308		33.962620		20.678456		22.018882		22.018883		-33.962620		-128.818314
-58.593669		33.967139		20.690231		22.019548		22.019548		-33.967140		-128.681549
-58.594265		33.963758		20.642079		22.019210		22.019211		-33.963757		-128.355896
-58.595010		33.966377		20.702395		22.014820		22.014820		-33.966377		-127.712326
-58.598199		33.970048		20.640512		22.007213		22.007214		-33.970047		-127.815308
-58.598377		33.970205		20.604004		22.002676		22.002676		-33.970207		-128.563248
-58.595740		33.970800		20.631115		21.992837		21.992836		-33.970798		-128.873688
-58.599572		33.971889		20.618953		21.994877		21.994877		-33.971889		-129.040588
-58.591926		33.969263		20.648791		21.985867		21.985867		-33.969261		-129.128448
-58.601368		33.976588		20.633920		21.981883		21.981882		-33.976589		-129.252655
-58.604312		33.976482		20.702766		21.986290		21.986290		-33.976482		-129.233139
-58.602454		33.973402		20.677202		21.981741		21.981741		-33.973400		-129.637024
-58.599410		33.970000		20.681210		21.978203		21.978203		-33.970001		-130.047501
-58.602774		33.975642		20.667658		21.980648		21.980648		-33.975643		-130.304840
-58.601900		33.972651		20.612543		21.978743		21.978743		-33.972652		-130.004639
-58.601633		33.979522		20.561350		21.977469		21.977468		-33.979523		-129.023453
-58.605342		33.985601		20.586873		21.988197		21.988197		-33.985600		-128.162659
-58.602415		33.982168		20.549841		21.987882		21.987881		-33.982170		-127.677887
-58.602731		33.980355		20.650856		21.987637		21.987637		-33.980354		-126.131599
-58.608605		33.985450		20.707127		21.982868		21.982868		-33.985451		-125.922348
-58.614559		33.988968		20.664767		21.988775		21.988775		-33.988968		-126.056580
-58.620870		33.990361		20.645559		21.992753		21.992754		-33.990360		-126.015434
-58.622274		33.991461		20.658173		21.989692		21.989691		-33.991463		-126.059433
-58.624617		33.994924		20.663112		21.985682		21.985682		-33.994923		-126.577255
-58.625037		33.997222		20.574373		21.985324		21.985323		-33.997223		-127.301094
-58.628104		33.995873		20.598467		21.984577		21.984577		-33.995872		-128.305206
-58.626574		33.994763		20.611762		21.984014		21.984015		-33.994762		-128.790390
-58.624682		33.990303		20.683224		21.985260		21.985260		-33.990303		-129.266464
-58.629543		33.993155		20.635277		21.985476		21.985476		-33.993156		-129.739914
-58.630504		33.993319		20.700851		21.985913		21.985912		-33.993320		-129.529907
-58.629386		33.998178		20.683699		21.985295		21.985294		-33.998177		-129.329498
-58.630902		33.995327		20.713198		21.982554		21.982553		-33.995327		-130.124130
-58.625675		33.995535		20.715915		21.980797		21.980797		-33.995537		-130.677780
-58.625571		33.994060		20.670884		21.983310		21.983311		-33.994061		-131.494995
-58.631870		33.995802		20.677096		21.987561		21.987560		-33.995800		-131.726501
-58.629353		33.994999		20.677192		21.984475		21.984474		-33.994999		-131.730118
-58.630168		33.993090		20.715585		21.985399		21.985399		-33.993092		-131.450958
-58.627475		33.992516		20.779268		21.990074		21.990074		-33.992516		-131.574326
-58.626708		33.989569		20.722183		21.987887		21.987886		-33.989571		-131.588623
-58.627955		33.992161		20.724478		21.989287		21.989286		-33.992161		-131.068390
-58.624567		33.988879		20.779476		21.985564		21.985565		-33.988880		-130.137543
-58.621176		33.988343		20.762592		21.988146		21.988146		-33.988342		-129.891083
-58.623734		33.990460		20.716048		21.986905		21.986904		-33.990459		-129.915558
-58.625071		33.992564		20.684292		21.980105		21.980106		-33.992565		-130.147995
-58.627139		33.997881		20.648284		21.981734		21.981735		-33.997883		-130.368546
-58.626186		33.998298		20.632192		21.986109		21.986109		-33.998299		-130.305695
-58.629029		34.000514		20.622428		21.989374		21.989374		-34.000515		-131.020096
-58.623963		33.995651		20.683642		21.984313		21.984312		-33.995651		-131.408478
-58.625737		33.996375		20.741354		21.980720		21.980721		-33.996376		-132.017166
-58.617039		33.993674		20.737438		21.976192		21.976192		-33.993675		-132.360657
-58.621629		33.995354		20.800604		21.982460		21.982460		-33.995354		-132.403961
-58.626259		33.998868		20.770289		21.981417		21.981417		-33.998867		-131.820190
-58.615932		33.991977		20.768871		21.981075		21.981075		-33.991978		-131.537521
-58.615968		33.987639		20.770677		21.980910		21.980909		-33.987640		-130.782578
-58.610622		33.983589		20.800420		21.982979		21.982979		-33.983589		-130.202591
-58.614300		33.984480		20.740329		21.985144		21.985144		-33.984482		-129.746140
-58.611405		33.982667		20.681732		21.980348		21.980349		-33.982666		-129.879547
-58.614862		33.981943		20.717544		21.982069		21.982069		-33.981941		-129.311646
-58.613968		33.980345		20.778167		21.985100		21.985100		-33.980347		-129.219467
-58.615167		33.983186		20.772365		21.981448		21.981447		-33.983185		-129.696762
-58.613103		33.977845		20.773055		21.978449		21.978449		-33.977844		-130.257309
-58.604765		33.974990		20.727289		21.982950		21.982950		-33.974991		-130.717209
-58.618693		33.982223		20.723857		21.977961		21.977961		-33.982224		-131.682556
-58.613914		33.986366		20.681410		21.981116		21.981115		-33.986366		-132.637390
-58.622771		33.986943		20.739003		21.980476		21.980476		-33.986942		-133.088104
-58.627579		33.993647		20.737085		21.977341		21.977341		-33.993645		-133.368042
-58.630610		33.993814		20.737051		21.974728		21.974728		-33.993813		-133.848679
-58.625937		33.991365		20.740792		21.977425		21.977425		-33.991364		-134.122742
-58.623329		33.988019		20.680959		21.975428		21.975428		-33.988018		-133.944962
-58.623775		33.988671		20.626762		21.974073		21.974073		-33.988670		-133.563126
-58.624352		33.989248		20.628662		21.975973		21.975973		-33.989246		-133.163574
-58.616800		33.988210		20.582490		21.975324		21.975325		-33.988209		-132.837173
-58.617261		33.988671		20.581903		21.974737		21.974737		-33.988670		-132.738113
-58.625436		33.989972		20.642568		21.971347		21.971348		-33.989971		-132.703979
-58.624842		33.989299		20.638161		21.967254		21.967255		-33.989300		-133.240952
-58.621763		33.989009		20.593068		21.970487		21.970488		-33.989010		-133.691864
-58.623331		33.991744		20.649555		21.966143		21.966143		-33.991745		-134.095703
-58.620121		33.990112		20.607367		21.965958		21.965958		-33.990112		-133.659103
-58.627047		33.993623		20.608593		21.964095		21.964096		-33.993622		-133.303375
-58.622586		33.994948		20.657616		21.966754		21.966755		-33.994949		-133.338058
-58.625412		33.994596		20.716210		21.965986		21.965986		-33.994595		-133.639420
-58.619930		33.993647		20.776324		21.970690		21.970690		-33.993645		-134.447800
-58.626597		33.995521		20.833598		21.971103		21.971104		-33.995522		-135.033524
-58.628404		33.991816		20.811178		21.972859		21.972858		-33.991817		-135.718079
-58.626556		33.989969		20.816415		21.978096		21.978096		-33.989967		-136.377670
-58.622810		33.993455		20.843736		21.979346		21.979345		-33.993454		-136.803040
-58.623097		33.993742		20.843326		21.978936		21.978935		-33.993744		-137.147675
-58.623811		33.990911		20.892373		21.976859		21.976860		-33.990910		-137.410034
-58.625783		33.990826		20.871913		21.985973		21.985973		-33.990826		-137.703369
-58.628865		33.992028		20.892073		21.980315		21.980316		-33.992027		-137.376434
-58.629855		33.992021		20.904795		21.982703		21.982702		-33.992020		-137.303680
-58.630923		33.995228		20.951774		21.979398		21.979399		-33.995228		-136.926758
-58.626386		33.994661		20.987094		21.977814		21.977814		-33.994659		-136.962860
-58.626007		33.994282		20.985477		21.976197		21.976196		-33.994282		-137.223221
-58.613893		33.993490		20.884209		21.975973		21.975973		-33.993488		-137.501022
-58.620375		33.991505		20.872502		21.973892		21.973892		-33.991505		-137.307205
-58.623244		33.992294		20.869250		21.977599		21.977598		-33.992294		-137.281662
-58.632067		33.997116		20.866884		21.981388		21.981388		-33.997116		-137.014877
-58.635926		33.996426		20.785686		21.983853		21.983854		-33.996426		-136.276489
-58.633624		33.989166		20.781197		21.983987		21.983986		-33.989166		-135.480942
-58.632118		33.990628		20.731012		21.983237		21.983236		-33.990627		-135.207870
-58.635038		33.993548		20.732541		21.984765		21.984766		-33.993549		-134.953842
-58.636691		33.995296		20.756713		21.983922		21.983921		-33.995296		-134.442764
-58.635403		33.995033		20.701109		21.987928		21.987928		-33.995033		-133.264893
-58.636020		33.994593		20.617471		21.982327		21.982327		-33.994591		-132.279083
-58.637582		33.994767		20.684322		21.989213		21.989214		-33.994766		-131.881622
-58.634915		33.998858		20.742856		21.989024		21.989023		-33.998859		-132.005447
-58.640748		34.000552		20.803919		21.990952		21.990952		-34.000553		-131.866318
-58.637878		34.002983		20.722719		21.991283		21.991283		-34.002983		-131.579254
-58.632897		34.003854		20.728630		21.993636		21.993635		-34.003853		-131.388229
-58.640070		34.005009		20.784457		21.993595		21.993595		-34.005009		-130.864792
-58.650018		34.008222		20.726078		21.993819		21.993818		-34.008221		-130.614136
-58.639679		34.004332		20.674259		21.993931		21.993931		-34.004333		-131.296509
-58.636844		34.003376		20.675492		21.991744		21.991745		-34.003376		-131.887909
-58.638537		34.001416		20.655464		21.993918		21.993917		-34.001415		-132.218689
-58.629234		33.996840		20.658713		21.990776		21.990776		-33.996841		-132.323380
-58.628045		33.995972		20.719705		21.992075		21.992075		-33.995972		-132.038666
-58.626290		33.993674		20.772681		21.986860		21.986860		-33.993675		-131.218857
-58.622342		33.994323		20.802042		21.986321		21.986320		-33.994324		-130.701355
-58.624758		33.994535		20.744865		21.988785		21.988785		-33.994534		-130.301498
-58.627064		33.994299		20.691274		21.990260		21.990261		-33.994297		-130.202896
-58.621804		33.989040		20.687464		21.986451		21.986450		-33.989040		-130.165924
-58.625470		33.990122		20.699464		21.994502		21.994501		-33.990124		-130.133789
-58.622236		33.988613		20.698494		21.994230		21.994230		-33.988613		-130.451736
-58.618616		33.988080		20.643909		21.988336		21.988337		-33.988079		-130.649872
-58.617534		33.988671		20.647519		21.987830		21.987831		-33.988670		-130.884750
-58.615218		33.985461		20.703130		21.984296		21.984295		-33.985462		-131.399323
-58.613782		33.985683		20.702623		21.982593		21.982594		-33.985683		-131.743942
-58.613410		33.984040		20.704227		21.981630		21.981630		-33.984039		-131.398026
-58.614114		33.989316		20.642418		21.980416		21.980415		-33.989315		-131.105133
-58.612966		33.988169		20.642591		21.980589		21.980589		-33.988171		-130.434723
-58.612888		33.987346		20.615850		21.979026		21.979027		-33.987347		-129.969711
-24.649366		0.000000		1.434478		0.000000		0.000000		0.000000		0.000000
-58.797873		34.151714		20.661319		22.097301		22.097301		-34.151714		-131.813705
-58.788633		34.142179		20.690244		22.086872		22.086872		-34.142178		-131.766190
-58.775625		34.132173		20.758345		22.081930		22.081930		-34.132172		-132.278427
-58.766763		34.123311		20.752819		22.076404		22.076405		-34.123310		-133.164352
-58.735215		34.105276		20.687777		22.067207		22.067207		-34.105274		-133.691345
-58.719621		34.091383		20.636819		22.055699		22.055698		-34.091385		-133.758698
-58.710006		34.087405		20.642943		22.047839		22.047838		-34.087406		-133.992569
-58.710762		34.085776		20.664200		22.045166		22.045166		-34.085777		-133.534454
-58.700053		34.082029		20.654508		22.040023		22.040024		-34.082027		-132.918533
-58.698986		34.078877		20.633412		22.039767		22.039766		-34.078876		-132.558624
-58.699807		34.075660		20.559737		22.034230		22.034229		-34.075661		-132.493011
-58.704361		34.074916		20.572061		22.034214		22.034214		-34.074917		-132.664154
-58.698058		34.074267		20.546139		22.026739		22.026739		-34.074268		-133.147415
-58.699158		34.069513		20.590180		22.029010		22.029009		-34.069511		-133.251068
-58.688028		34.064312		20.606895		22.021720		22.021721		-34.064312		-132.876404
-58.687875		34.064158		20.605363		22.020188		22.020189		-34.064159		-132.757904
-58.699332		34.068106		20.634278		22.021389		22.021389		-34.068108		-132.170517
-58.698233		34.065698		20.699051		22.021163		22.021164		-34.065697		-131.616425
-58.700475		34.063287		20.796550		22.020957		22.020956		-34.063286		-131.268890
-58.699535		34.057632		20.776272		22.017028		22.017027		-34.057632		-131.549088
-58.698412		34.057205		20.760250		22.018430		22.018429		-34.057205		-131.709778
-58.689353		34.052174		20.778210		22.018177		22.018177		-34.052174		-131.551300
-58.681225		34.052052		20.678545		22.012453		22.012453		-34.052052		-131.641296
-58.686136		34.056587		20.705735		22.011466		22.011467		-34.056587		-132.194290
-58.683985		34.051584		20.763001		22.010993		22.010994		-34.051582		-132.633804
-58.687036		34.052618		20.817268		22.010778		22.010778		-34.052620		-132.815002
-58.687388		34.047120		20.890052		22.011133		22.011133		-34.047119		-132.873169
-58.684231		34.044658		20.902830		22.008859		22.008860		-34.044659		-133.071640
-58.678423		34.038839		20.946518		22.007991		22.007992		-34.038837		-133.199493
-58.666759		34.037732		20.973966		22.011538		22.011538		-34.037731		-132.126373
-58.669776		34.036110		20.996011		22.011212		22.011211		-34.036110		-131.096741
-58.665934		34.036629		20.964088		22.007822		22.007822		-34.036629		-131.299057
-58.658105		34.031841		20.878105		22.004947		22.004948		-34.031841		-131.553650
-58.656042		34.030355		20.864458		22.001607		22.001606		-34.030354		-131.590744
-58.657856		34.032445		20.918622		22.001265		22.001265		-34.032444		-131.462524
-58.654128		34.027992		20.881031		21.990549		21.990549		-34.027992		-131.027039
-58.666040		34.036226		20.893201		21.990988		21.990988		-34.036224		-130.679459
-58.664259		34.038661		20.906945		21.994333		21.994333		-34.038662		-130.454239
-58.660117		34.038278		20.874478		21.996211		21.996210		-34.038277		-130.320938
-58.670845		34.042086		20.853552		21.997557		21.997557		-34.042088		-130.452957
-58.667503		34.037517		20.902702		21.991961		21.991961		-34.037518		-132.204910
-58.662473		34.036755		20.964917		21.993976		21.993977		-34.036755		-132.747482
-58.665985		34.039317		20.957568		22.000022		22.000023		-34.039318		-132.578995
-58.666472		34.036694		20.938804		21.998322		21.998322		-34.036694		-132.862503
-58.666699		34.034734		20.865917		21.996081		21.996080		-34.034733		-133.411636
-58.679164		34.041349		20.838410		21.993213		21.993212		-34.041348		-134.343796
-58.672544		34.038480		20.833299		21.996300		21.996300		-34.038479		-135.329102
-58.666551		34.041164		20.740857		21.991585		21.991585		-34.041164		-135.173431
-58.671670		34.042035		20.681363		21.993551		21.993551		-34.042034		-134.585190
-58.667807		34.038572		20.733435		21.993296		21.993296		-34.038570		-134.321442
-58.659490		34.033668		20.687249		21.991010		21.991011		-34.033669		-133.906921
-58.655605		34.031684		20.707524		21.995173		21.995173		-34.031685		-132.931580
-58.655044		34.029382		20.823781		21.996725		21.996725		-34.029381		-132.287079
-58.658387		34.032937		20.812395		22.000278		22.000278		-34.032936		-132.003830
-58.660277		34.032189		20.809126		21.998516		21.998516		-34.032188		-132.046219
-58.660830		34.031346		20.883180		22.001204		22.001204		-34.031345		-132.784027
-58.659008		34.031943		20.870995		22.000558		22.000559		-34.031944		-132.837845
-58.669855		34.039706		20.865063		22.006525		22.006525		-34.039707		-132.505569
-58.673984		34.038862		20.876189		22.004897		22.004898		-34.038864		-132.446609
-58.673885		34.038948		20.811933		22.006888		22.006887		-34.038948		-132.240067
-58.673321		34.036059		20.886014		22.009398		22.009398		-34.036060		-132.074310
-58.672443		34.034764		20.907761		22.009072		22.009071		-34.034763		-132.184052
-58.668924		34.032749		20.892692		22.007956		22.007956		-34.032749		-132.235214
-58.676755		34.036909		20.933457		22.003803		22.003803		-34.036907		-132.391998
-58.680414		34.035618		20.925005		22.008020		22.008020		-34.035618		-131.909729
-58.679658		34.038292		20.896882		22.008717		22.008717		-34.038292		-131.362961
-58.680175		34.040700		20.926520		22.008896		22.008896		-34.040699		-131.552292
-58.676753		34.037278		20.922326		22.004703		22.004704		-34.037277		-131.929474
-58.679132		34.042885		20.862129		22.007267		22.007267		-34.042885		-132.831970
-58.673685		34.042797		20.829137		22.001284		22.001284		-34.042797		-133.459839
-58.676456		34.041219		20.886942		22.004417		22.004417		-34.041218		-134.059280
-58.680385		34.043842		20.891617		22.006912		22.006912		-34.043842		-134.575790
-58.677354		34.040785		20.910605		22.010119		22.010118		-34.040787		-134.356186
-58.672672		34.038255		20.918866		22.004525		22.004524		-34.038254		-134.002243
-58.672903		34.037814		20.927989		22.003022		22.003023		-34.037815		-133.922180
-58.665489		34.036892		20.917045		22.003439		22.003439		-34.036892		-133.076691
-58.668521		34.038599		20.897281		21.999845		21.999846		-34.038601		-132.160233
-58.671525		34.038261		20.859251		22.001129		22.001129		-34.038261		-131.017883
-58.677636		34.040252		20.885686		22.000861		22.000860		-34.040253		-130.787262
-58.675119		34.043859		20.849142		22.004622		22.004622		-34.043858		-130.887909
-58.676545		34.046065		20.891325		22.004317		22.004316		-34.046066		-130.750702
-58.676666		34.041653		20.901090		22.004066		22.004066		-34.041653		-131.169846
-58.674766		34.044221		20.943263		22.005707		22.005707		-34.044220		-131.235092
-58.678193		34.045522		20.945998		22.004472		22.004473		-34.045521		-131.060425
-58.678404		34.041359		20.958112		21.997353		21.997353		-34.041359		-130.846664
-58.676415		34.034979		20.935734		21.990972		21.990973		-34.034981		-130.830109
-58.668378		34.032029		20.909397		21.991274		21.991274		-34.032028		-130.711365
-58.663474		34.029987		20.920761		21.992833		21.992834		-34.029987		-130.390259
-58.660520		34.030646		20.928290		21.989120		21.989120		-34.030647		-130.827240
-58.660641		34.032162		20.969052		21.988121		21.988121		-34.032162		-131.514404
-58.662015		34.030154		20.975827		21.988430		21.988430		-34.030155		-132.087982
-58.661338		34.027576		21.013074		21.987723		21.987722		-34.027576		-132.887299
-58.661650		34.033900		21.006249		21.992465		21.992464		-34.033901		-133.499283
-58.665082		34.029433		21.047317		21.991560		21.991560		-34.029434		-134.198349
-58.655486		34.027593		20.964970		21.991227		21.991226		-34.027592		-134.434601
-58.662270		34.027999		21.022301		21.985327		21.985327		-34.028000		-134.647369
-58.657318		34.028856		21.035563		21.986328		21.986328		-34.028854		-134.905975
-58.662589		34.027726		20.958491		21.988044		21.988045		-34.027725		-135.174789
-58.653520		34.022893		21.003314		21.994063		21.994062		-34.022892		-135.417419
-58.657320		34.024256		21.044324		21.992120		21.992119		-34.024258		-135.827225
-58.651442		34.020612		21.070011		21.998204		21.998203		-34.020611		-136.002701
-58.653932		34.023928		21.055323		21.999563		21.999563		-34.023930		-135.916290
-58.651297		34.022398		21.118405		22.002061		22.002062		-34.022400		-135.628616
-58.660014		34.027552		21.128501		22.001916		22.001915		-34.027554		-135.136459
-58.658373		34.030618		21.164139		22.003412		22.003412		-34.030617		-135.692123
-58.658216		34.025602		21.159330		22.001282		22.001282		-34.025600		-136.117279
-58.658913		34.033409		21.132438		22.000876		22.000875		-34.033409		-136.086639
-58.656567		34.033463		21.154127		22.006873		22.006872		-34.033463		-135.934082
-58.660596		34.033835		21.168802		22.006632		22.006632		-34.033836		-135.259781
-58.661826		34.035065		21.172516		22.010346		22.010345		-34.035065		-134.731323
-58.668658		34.039262		21.081351		22.006035		22.006035		-34.039261		-134.834320
-58.668487		34.041919		21.142291		22.007419		22.007420		-34.041920		-134.743439
-58.674404		34.046130		21.061494		22.005591		22.005590		-34.046131		-134.947601
-58.676183		34.047714		21.017633		22.005285		22.005285		-34.047714		-135.232300
-58.676413		34.047308		21.061218		22.004889		22.004889		-34.047310		-135.632156
-58.674489		34.047182		20.990388		22.006668		22.006668		-34.047180		-136.601822
-58.673878		34.046570		20.991586		22.007867		22.007866		-34.046570		-137.526672
-58.668671		34.047885		20.837807		22.008874		22.008875		-34.047886		-137.634079
-58.669132		34.050484		20.822978		22.012013		22.012012		-34.050484		-137.058853
-58.675039		34.051239		20.868684		22.009940		22.009939		-34.051239		-136.576279
-58.674943		34.051143		20.869452		22.010708		22.010708		-34.051144		-136.343018
-58.678714		34.052127		20.778705		22.010047		22.010048		-34.052128		-136.357254
-58.674699		34.053387		20.749908		22.004040		22.004040		-34.053387		-136.160751
-58.677465		34.056898		20.810386		22.002609		22.002609		-34.056896		-135.748016
-58.677686		34.054387		20.823439		22.005567		22.005568		-34.054386		-134.918396
-58.682190		34.055798		20.851721		22.005322		22.005323		-34.055798		-134.035004
-58.676697		34.050921		20.861367		21.999385		21.999386		-34.050922		-133.471954
-58.670147		34.047807		20.800779		22.002438		22.002438		-34.047806		-133.204529
-58.669139		34.046840		20.787323		21.999872		21.999872		-34.046841		-133.537384
-58.664406		34.041881		20.749218		22.001521		22.001522		-34.041882		-133.134903
-58.664430		34.041905		20.753673		22.005976		22.005976		-34.041904		-132.767319
-58.665822		34.042844		20.821515		22.003314		22.003315		-34.042843		-132.815231
-58.663498		34.041697		20.860401		22.007580		22.007580		-34.041698		-132.876816
-58.657777		34.038470		20.862136		22.012060		22.012060		-34.038471		-132.881287
-58.650520		34.034553		20.861009		22.012602		22.012602		-34.034554		-133.139908
-58.644774		34.034945		20.810662		22.013828		22.013828		-34.034946		-133.098953
-58.642741		34.029317		20.764338		22.009344		22.009344		-34.029316		-132.967575
-58.640509		34.029157		20.669578		22.005046		22.005045		-34.029156		-133.167603
-58.639129		34.027900		20.638689		21.999559		21.999559		-34.027901		-133.464951
-58.635852		34.025014		20.569843		21.989796		21.989796		-34.025013		-132.573212
-58.636592		34.027777		20.520450		21.995277		21.995277		-34.027779		-131.716751
-58.635557		34.025352		20.504722		21.993001		21.993000		-34.025352		-131.379578
-58.634585		34.022757		20.446136		21.989534		21.989534		-34.022758		-131.149765
-58.645261		34.028142		20.493056		21.993890		21.993891		-34.028141		-129.461624
-58.650559		34.028245		20.553765		21.995280		21.995281		-34.028244		-128.899750
-58.644100		34.026558		20.474097		21.996223		21.996223		-34.026558		-128.909607
-58.647054		34.029078		20.474644		21.993709		21.993710		-34.029079		-129.183090
-58.656403		34.030711		20.486154		21.996076		21.996077		-34.030712		-129.568222
-58.660439		34.028242		20.459938		21.997032		21.997032		-34.028240		-129.718231
-58.658850		34.029539		20.434511		21.997328		21.997328		-34.029541		-129.739212
-58.655657		34.025527		20.463417		21.995516		21.995516		-34.025528		-129.768448
-58.654868		34.024109		20.469035		21.999175		21.999176		-34.024109		-130.161865
-58.645702		34.017238		20.467454		21.997476		21.997477		-34.017239		-130.174530
-58.650899		34.017723		20.479032		21.992357		21.992357		-34.017723		-129.492493
-58.649755		34.016579		20.472154		21.985479		21.985479		-34.016579		-129.496185
-24.626524		0.000000		0.626228		0.000000		0.000000		0.000000		0.000000
-58.600269		33.974802		21.218697		21.920510		21.920511		-33.974804		-127.376350
-58.604854		33.976728		21.200116		21.924853		21.924852		-33.976727		-127.464195
-58.604386		33.976455		21.181318		21.930397		21.930397		-33.976456		-127.828453
-58.605682		33.976011		21.164319		21.936141		21.936142		-33.976009		-128.175018
-58.605825		33.979652		21.147453		21.942087		21.942087		-33.979652		-128.680679
-58.604789		33.978227		21.127954		21.940103		21.940104		-33.978226		-129.113205
-58.612276		33.983374		21.113234		21.946009		21.946009		-33.983376		-129.560349
-58.614208		33.982370		21.091558		21.948014		21.948013		-33.982368		-129.575546
-58.604526		33.980430		21.042899		21.950795		21.950796		-33.980431		-129.832840
-58.614585		33.987732		21.085244		21.952308		21.952309		-33.987732		-130.345612
-58.620607		33.992974		21.075429		21.961758		21.961758		-33.992973		-130.955765
-58.625004		33.997239		21.061084		21.966466		21.966465		-33.997238		-131.558899
-58.625768		33.998879		20.972144		21.970675		21.970675		-33.998878		-132.104294
-58.631848		34.000214		21.017149		21.973806		21.973806		-34.000214		-132.291977
-58.630212		34.000798		21.076588		21.972227		21.972227		-34.000797		-132.157166
-58.630339		34.002656		21.080145		21.973333		21.973333		-34.002655		-132.212784
-58.631828		34.004145		21.083179		21.976368		21.976368		-34.004143		-132.131760
-58.631638		34.004128		21.105345		21.979038		21.979038		-34.004128		-132.010284
-58.631952		34.006040		21.062298		21.979704		21.979704		-34.006039		-131.979187
-58.641281		34.006931		21.043296		21.976677		21.976677		-34.006931		-132.474731
-58.643022		34.008485		20.981895		21.980990		21.980989		-34.008484		-133.250031
-58.640169		34.008325		21.012599		21.982757		21.982758		-34.008324		-133.854080
-58.635786		34.008454		20.967626		21.986657		21.986658		-34.008453		-134.612549
-58.635685		34.007218		20.954290		21.986094		21.986094		-34.007217		-135.562057
-58.637136		34.008670		20.956544		21.988348		21.988348		-34.008671		-136.065720
-58.645905		34.009588		20.903890		21.986172		21.986172		-34.009590		-135.813889
-58.653437		34.013932		20.867682		21.989741		21.989740		-34.013931		-135.918472
-58.665552		34.019048		20.945826		21.993394		21.993393		-34.019047		-135.910645
-58.667147		34.019379		20.955757		21.990672		21.990671		-34.019379		-136.528961
-58.665868		34.014386		20.886677		21.988460		21.988461		-34.014385		-136.895676
-58.664949		34.017819		20.961179		21.991341		21.991341		-34.017818		-135.828690
-58.662277		34.015916		20.968384		21.992019		21.992020		-34.015915		-135.759644
-58.651951		34.010299		20.876589		21.989302		21.989302		-34.010300		-136.361221
-58.656789		34.012798		20.874850		21.994734		21.994734		-34.012798		-137.371841
-58.651036		34.007580		20.891032		21.994336		21.994335		-34.007580		-137.861786
-58.649446		34.007191		20.873471		21.986208		21.986208		-34.007191		-137.922791
-58.645058		34.010524		20.914156		21.983324		21.983324		-34.010525		-137.891937
-58.654089		34.013212		20.906616		21.985319		21.985319		-34.013210		-137.498505
-58.656806		34.015408		20.863162		21.986348		21.986349		-34.015408		-136.842865
-58.655264		34.012853		20.913593		21.990672		21.990671		-34.012852		-136.104187
-58.652704		34.009264		20.896750		21.984837		21.984837		-34.009262		-136.277512
-58.649041		34.005968		20.918409		21.984731		21.984732		-34.005970		-136.218887
-58.650469		34.003591		20.941119		21.984221		21.984221		-34.003590		-135.103806
-58.652778		34.003834		20.985361		21.982955		21.982956		-34.003834		-134.024979
-58.650790		34.005354		21.013561		21.987714		21.987715		-34.005352		-133.230347
-58.651857		34.002833		20.974669		21.982294		21.982294		-34.002834		-133.017166
-58.652067		34.003475		21.023989		21.984687		21.984686		-34.003475		-133.180420
-58.656389		34.002686		21.096033		21.987584		21.987585		-34.002686		-132.598465
-58.656848		34.003936		21.139915		21.989685		21.989685		-34.003937		-132.316849
-58.659497		34.004708		21.179553		21.989915		21.989916		-34.004707		-132.476227
-58.654468		34.001925		21.216032		21.989739		21.989738		-34.001926		-132.857620
-58.653753		34.000081		21.271274		21.994042		21.994043		-34.000080		-132.809143
-58.655627		34.001956		21.273521		21.996290		21.996290		-34.001957		-132.577652
-58.653633		34.002874		21.276301		21.991876		21.991875		-34.002872		-132.220200
-58.650657		34.000835		21.253288		21.993337		21.993338		-34.000835		-131.921310
-58.646091		34.000740		21.285318		21.996056		21.996056		-34.000740		-131.859055
-58.646758		33.998920		21.274592		21.997847		21.997847		-33.998920		-131.165253
-58.644609		34.001754		21.193913		21.995171		21.995171		-34.001755		-130.633591
-58.644689		34.002157		21.181806		21.993619		21.993618		-34.002155		-130.412735
-58.638412		33.999077		21.135306		21.988851		21.988852		-33.999077		-130.433777
-58.634520		33.999992		21.041657		21.988976		21.988976		-33.999992		-130.270706
-58.642399		34.003574		20.995113		21.993839		21.993839		-34.003574		-129.594315
-58.647168		34.002939		21.041695		21.991524		21.991524		-34.002937		-129.381714
-58.652277		34.006460		20.974413		21.989287		21.989286		-34.006458		-129.422165
-58.646502		34.001252		20.916452		21.993499		21.993500		-34.001251		-130.107513
-58.637835		33.998954		20.936036		21.986147		21.986147		-33.998955		-130.556381
-58.644966		34.001385		20.888226		21.988027		21.988028		-34.001385		-130.700562
-58.647155		34.006689		20.886990		21.989464		21.989464		-34.006687		-130.712891
-58.646557		34.005579		20.944836		21.994604		21.994604		-34.005577		-130.879501
-58.649772		34.011921		20.953160		21.995050		21.995050		-34.011921		-131.567093
-58.647628		34.011921		20.926826		21.993078		21.993078		-34.011921		-131.336243
-58.641957		34.010452		20.940478		21.993366		21.993366		-34.010452		-131.335785
-58.636008		34.006911		20.969764		21.992255		21.992254		-34.006912		-131.821365
-58.638654		34.007368		20.872677		21.996525		21.996525		-34.007370		-132.427872
-58.636093		34.004807		20.875280		21.999127		21.999128		-34.004807		-132.199707
-58.644948		34.005449		20.892313		22.010244		22.010244		-34.005447		-131.799835
-58.644477		33.998219		20.831661		22.004158		22.004158		-33.998219		-132.219391
-58.643873		33.996423		20.804075		22.000623		22.000624		-33.996422		-132.400833
-58.649535		34.001010		20.757703		22.005965		22.005964		-34.001011		-132.021866
-58.654195		34.000832		20.815444		21.998754		21.998753		-34.000832		-131.797241
-58.653403		34.000040		20.817418		22.000727		22.000727		-34.000038		-131.402252
-58.659403		34.002594		20.916281		22.002138		22.002138		-34.002594		-130.794998
-58.661261		34.004452		20.910660		21.996517		21.996517		-34.004452		-131.279297
-58.662738		34.009144		20.950507		21.999061		21.999062		-34.009144		-132.030075
-58.664732		34.011139		20.955445		22.003999		22.004000		-34.011139		-132.295883
-58.664261		34.010982		20.926260		21.999387		21.999388		-34.010983		-131.560837
-58.665763		34.008468		20.930498		22.002235		22.002235		-34.008469		-130.300629
-58.664406		34.008598		20.939198		22.003927		22.003927		-34.008598		-130.767899
-58.665477		34.009780		20.896795		22.002741		22.002741		-34.009781		-131.634674
-58.664073		34.009004		20.843887		22.005379		22.005379		-34.009003		-132.242874
-58.663422		34.011344		20.799244		22.008941		22.008942		-34.011345		-132.208832
-58.665069		34.013970		20.806906		22.011654		22.011654		-34.013969		-132.267014
-58.671195		34.015507		20.867243		22.007062		22.007063		-34.015507		-133.023590
-58.670239		34.012833		20.817578		22.011171		22.011171		-34.012833		-133.136810
-58.670010		34.011774		20.878989		22.009550		22.009550		-34.011772		-133.411789
-58.669710		34.011473		20.877548		22.008109		22.008110		-34.011475		-133.022354
-58.662275		34.007239		20.889263		22.010575		22.010574		-34.007240		-132.227753
-58.666197		34.005470		20.893636		22.010722		22.010721		-34.005470		-131.848328
-58.671038		34.006108		20.898098		22.010764		22.010765		-34.006107		-131.986740
-58.667235		34.000330		20.951913		22.007163		22.007164		-34.000328		-131.608215
-58.672211		34.002478		20.953219		22.005594		22.005594		-34.002480		-130.620728
-58.674614		34.002997		20.981973		22.004684		22.004684		-34.002998		-130.730301
-58.675633		34.004425		20.904579		22.006852		22.006853		-34.004425		-131.968353
-58.673820		34.005852		20.918463		22.008446		22.008446		-34.005852		-132.696823
-58.666388		33.995877		20.929021		22.008831		22.008831		-33.995876		-133.249329
-58.662345		33.993609		20.850959		22.009069		22.009069		-33.993610		-133.758377
-58.657933		33.989849		20.882247		22.004979		22.004980		-33.989849		-134.244598
-58.661225		33.986646		20.939936		22.004539		22.004539		-33.986645		-135.068924
-58.656054		33.988842		20.957397		22.009028		22.009027		-33.988842		-135.406540
-58.652810		33.989552		20.878350		22.008324		22.008324		-33.989552		-135.438919
-58.657977		33.992284		20.944668		22.014070		22.014071		-33.992283		-135.289963
-58.657366		33.989033		20.954159		22.010431		22.010431		-33.989033		-134.868729
-58.660661		33.996563		21.013696		22.013329		22.013329		-33.996563		-134.475143
-58.653664		33.996037		21.065250		22.010770		22.010769		-33.996037		-134.360306
-58.657728		34.000101		21.063027		22.008546		22.008547		-34.000103		-134.912933
-58.658346		34.001754		21.062996		22.010524		22.010523		-34.001755		-135.707230
-58.658103		34.001068		21.139587		22.007979		22.007980		-34.001068		-135.991089
-58.653034		33.999937		21.107893		22.002669		22.002668		-33.999939		-135.836014
-58.651313		33.996580		21.158557		22.003140		22.003139		-33.996582		-136.628204
-58.645538		33.998004		21.095514		22.002578		22.002579		-33.998005		-136.704620
-58.646969		33.994487		21.009658		22.002365		22.002365		-33.994488		-136.453903
-58.643680		33.998602		21.015913		22.000668		22.000668		-33.998600		-136.605911
-58.645217		33.995784		21.022425		22.001069		22.001068		-33.995785		-136.685303
-58.648316		34.000207		21.023120		22.003620		22.003620		-34.000206		-136.329880
-58.648770		33.997205		21.072850		22.002384		22.002384		-33.997204		-136.065216
-58.652001		33.996239		21.064945		21.996607		21.996607		-33.996239		-136.659286
-58.654335		33.997092		21.089373		21.994591		21.994591		-33.997093		-136.985565
-58.650452		33.994774		21.060949		21.995567		21.995567		-33.994774		-137.200684
-58.648678		33.994900		21.114204		21.996788		21.996788		-33.994900		-137.040421
-58.652586		34.001173		21.046159		21.996115		21.996115		-34.001175		-136.187210
-58.648625		34.000620		20.936721		21.997145		21.997145		-34.000622		-135.219498
-58.647397		34.000972		20.913588		21.994160		21.994160		-34.000973		-134.154510
-58.646470		33.997280		20.913553		21.994334		21.994335		-33.997280		-133.295578
-58.647995		34.001887		20.842886		21.998687		21.998688		-34.001888		-132.869904
-24.624627		0.000000		1.189465		0.000000		0.000000		0.000000		0.000000
-58.524251		33.898867		20.716427		21.866936		21.866936		-33.898869		-106.171715
-58.535269		33.903092		20.731250		21.873653		21.873653		-33.903091		-106.818985
-58.544958		33.913061		20.706456		21.880086		21.880085		-33.913059		-108.503296
-58.561854		33.926933		20.696966		21.886431		21.886431		-33.926933		-110.134750
-58.561321		33.928664		20.731991		21.891613		21.891613		-33.928665		-111.358070
-58.569422		33.935556		20.827054		21.903075		21.903074		-33.935555		-113.351051
-58.572786		33.938448		20.868262		21.911826		21.911825		-33.938450		-115.314354
-58.583950		33.948359		20.851255		21.921632		21.921633		-33.948360		-117.261848
-58.585830		33.949988		20.918011		21.923195		21.923195		-33.949989		-118.418732
-58.588669		33.954574		20.954411		21.922553		21.922552		-33.954575		-118.962975
-58.596014		33.957194		20.964520		21.928022		21.928022		-33.957195		-119.284401
-58.593331		33.961862		20.969105		21.936385		21.936386		-33.961861		-119.438629
-58.596898		33.966469		20.961822		21.943501		21.943501		-33.966469		-119.659286
-58.604423		33.969826		20.860036		21.944525		21.944525		-33.969826		-120.237335
-58.604387		33.970451		20.816080		21.944133		21.944132		-33.970451		-120.923210
-58.602200		33.970100		20.827178		21.944069		21.944069		-33.970100		-121.593620
-58.605726		33.972801		20.804570		21.947937		21.947937		-33.972801		-122.314194
-58.614481		33.980461		20.802514		21.952902		21.952902		-33.980461		-122.907944
-58.617179		33.982124		20.767941		21.952158		21.952158		-33.982124		-123.501770
-58.616144		33.986943		20.664308		21.950338		21.950338		-33.986942		-124.502190
-58.617983		33.989644		20.680790		21.945067		21.945066		-33.989643		-125.840553
-58.617679		33.991826		20.644454		21.953024		21.953024		-33.991825		-126.393112
-58.617949		33.990576		20.587937		21.951545		21.951546		-33.990578		-126.751549
-58.612223		33.991389		20.552119		21.947379		21.947378		-33.991390		-127.351913
-58.608631		33.985720		20.638452		21.952913		21.952913		-33.985722		-128.430008
-58.604575		33.982715		20.660752		21.955862		21.955862		-33.982716		-128.503937
-58.602926		33.977199		20.682114		21.954349		21.954350		-33.977200		-128.687210
-58.599886		33.974983		20.664089		21.958604		21.958605		-33.974983		-129.743835
-58.593676		33.974245		20.660020		21.959688		21.959688		-33.974247		-130.532349
-58.592774		33.972463		20.621237		21.957967		21.957968		-33.972462		-131.235291
-58.602005		33.973491		20.621211		21.958665		21.958666		-33.973492		-131.134476
-58.602376		33.972060		20.595296		21.962844		21.962843		-33.972061		-131.270554
-58.603597		33.968887		20.683389		21.962758		21.962759		-33.968887		-131.192520
-58.602729		33.970673		20.687383		21.960008		21.960007		-33.970673		-131.166046
-58.604075		33.972063		20.658926		21.960487		21.960487		-33.972065		-130.808075
-58.601312		33.970813		20.673903		21.963984		21.963984		-33.970814		-130.696075
-58.609756		33.972866		20.759083		21.965861		21.965860		-33.972866		-130.953918
-58.613335		33.977889		20.818020		21.964256		21.964256		-33.977890		-131.929565
-58.620196		33.983524		20.894427		21.967594		21.967594		-33.983524		-132.316986
-58.619357		33.982151		20.919006		21.966947		21.966948		-33.982151		-132.776169
-58.622549		33.983562		20.933284		21.968605		21.968605		-33.983562		-132.660065
-58.629121		33.989456		20.930681		21.977633		21.977633		-33.989456		-133.015305
-58.626300		33.990276		20.885712		21.975621		21.975622		-33.990276		-133.664413
-58.619122		33.986082		20.842129		21.978314		21.978313		-33.986084		-133.937393
-58.606447		33.979966		20.842177		21.980162		21.980162		-33.979965		-133.844421
-58.612563		33.978405		20.811988		21.979861		21.979860		-33.978405		-133.907242
-58.618307		33.979173		20.840475		21.978760		21.978760		-33.979172		-133.772568
-58.614894		33.978200		20.832413		21.978435		21.978436		-33.978199		-133.556900
-58.615398		33.979884		20.845969		21.980500		21.980499		-33.979885		-133.635803
-58.615374		33.983688		20.860487		21.979067		21.979067		-33.983688		-134.728973
-58.619451		33.988637		20.912171		21.977018		21.977018		-33.988636		-136.122360
-58.616395		33.987462		20.866810		21.978487		21.978487		-33.987461		-137.053101
-58.611764		33.988343		20.916713		21.984458		21.984457		-33.988342		-137.133148
-58.609039		33.992561		20.939243		21.986068		21.986069		-33.992561		-137.547348
-58.609756		33.990317		20.930770		21.990317		21.990316		-33.990318		-137.281876
-58.612170		33.989251		20.887659		21.980554		21.980555		-33.989250		-136.884872
-58.608079		33.988210		20.872809		21.976204		21.976204		-33.988209		-136.516663
-58.609428		33.988797		20.933552		21.972865		21.972866		-33.988796		-135.432953
-58.612029		33.989241		20.935395		21.968048		21.968048		-33.989243		-134.319138
-58.614015		33.989248		20.855523		21.966001		21.966002		-33.989246		-133.571106
-58.612136		33.990911		20.819183		21.968317		21.968317		-33.990910		-133.147675
-58.613069		33.989617		20.782897		21.966518		21.966518		-33.989616		-133.689499
-58.609638		33.989931		20.752640		21.965789		21.965790		-33.989929		-134.136627
-58.608320		33.986898		20.723338		21.959784		21.959784		-33.986897		-134.565552
-58.613846		33.989299		20.779202		21.967145		21.967146		-33.989300		-135.088974
-58.611281		33.983835		20.827153		21.962475		21.962475		-33.983833		-135.415222
-58.604604		33.979645		20.875899		21.964707		21.964706		-33.979645		-135.984543
-58.599767		33.973385		20.785720		21.964083		21.964083		-33.973385		-136.559723
-58.592049		33.973914		20.842800		21.971375		21.971375		-33.973915		-136.833389
-58.595860		33.972101		20.917848		21.976776		21.976776		-33.972099		-137.208527
-58.596688		33.972050		20.836231		21.977933		21.977934		-33.972050		-136.878143
-58.605504		33.973614		20.893816		21.981697		21.981697		-33.973614		-135.633453
