Flexao Direita		Flexao Esquerda		Torcao Direita		Torcao Esquerda		Roll			Pitch			Yaw
185		1.869034		-3.541042		-2.295129		-6.425319		153.807495
6.324146		4.832526		1.874319		-3.538270		-2.294869		-6.436422		153.865707
6.336912		4.843586		1.874927		-3.535078		-2.293305		-6.448310		154.067932
6.345105		4.853305		1.883150		-3.534962		-2.297232		-6.457247		154.235718
6.353204		4.857042		1.887448		-3.538076		-2.301002		-6.461597		154.355484
6.359003		4.862910		1.880607		-3.531197		-2.295528		-6.465983		154.545441
6.365131		4.873494		1.883383		-3.528407		-2.295765		-6.474024		154.583786
6.369551		4.873880		1.882353		-3.525476		-2.294511		-6.475457		154.610977
6.372797		4.872370		1.882702		-3.520463		-2.292742		-6.477949		154.553452
6.376257		4.874665		1.884300		-3.520929		-2.293527		-6.478129		154.514053
6.379388		4.873956		1.884055		-3.521221		-2.291821		-6.481189		154.534866
6.384805		4.873127		1.881397		-3.517962		-2.289962		-6.482769		154.555740
6.391668		4.877050		1.874645		-3.508372		-2.281636		-6.487727		154.485458
6.394266		4.883810		1.872249		-3.503802		-2.278980		-6.491394		154.458191
6.393411		4.883531		1.871022		-3.505059		-2.278108		-6.489350		154.375397
6.398236		4.883305		1.864760		-3.501368		-2.274291		-6.492265		154.212784
6.403258		4.888040		1.868389		-3.502354		-2.273989		-6.495895		154.273804
6.405423		4.889523		1.864830		-3.499543		-2.272750		-6.498476		154.460953
6.405104		4.886788		1.863548		-3.499934		-2.271034		-6.494713		154.522964
6.411018		4.892124		1.863766		-3.503476		-2.272947		-6.498080		154.499344
6.412164		4.886586		1.862263		-3.500468		-2.272969		-6.497933		154.510391
6.420342		4.887610		1.860676		-3.494482		-2.269923		-6.502103		154.507492
6.421232		4.889669		1.857700		-3.495170		-2.268882		-6.501891		154.591431
6.428183		4.897795		1.862161		-3.498549		-2.272456		-6.507555		154.760849
6.427885		4.896421		1.862437		-3.497802		-2.273099		-6.506660		154.897964
6.431408		4.895808		1.861141		-3.493930		-2.271742		-6.509336		155.106705
6.434191		4.897011		1.862708		-3.491661		-2.270155		-6.510010		155.379257
6.435658		4.897627		1.861454		-3.490516		-2.267433		-6.512923		155.529297
6.436094		4.901349		1.860171		-3.491412		-2.266980		-6.514080		155.599182
6.438624		4.903157		1.860133		-3.493389		-2.268205		-6.515467		155.585022
6.435826		4.898506		1.859626		-3.491897		-2.264835		-6.510641		155.624191
6.434973		4.895792		1.860041		-3.492153		-2.265329		-6.509097		155.233704
6.432090		4.891103		1.863659		-3.492409		-2.266503		-6.505760		155.096664
6.431053		4.892094		1.868041		-3.493684		-2.269750		-6.505125		155.134659
6.427690		4.889114		1.867653		-3.488535		-2.267164		-6.503697		155.350174
6.426134		4.890206		1.867756		-3.488134		-2.266422		-6.503072		155.613983
6.426729		4.892471		1.861150		-3.482964		-2.262597		-6.504668		155.930374
6.428026		4.892376		1.858811		-3.478005		-2.259365		-6.506540		156.128571
6.423986		4.891504		1.853089		-3.476862		-2.258256		-6.503768		156.417389
6.421279		4.887589		1.849673		-3.475343		-2.257908		-6.501192		156.368378
6.421296		4.890047		1.849534		-3.477747		-2.259003		-6.501925		156.325668
6.420247		4.889929		1.853627		-3.478207		-2.261169		-6.502876		156.312683
6.421510		4.889977		1.851043		-3.475115		-2.259542		-6.505681		156.294205
6.419501		4.885844		1.851944		-3.473703		-2.259384		-6.504802		156.370590
6.420185		4.890478		1.850574		-3.472351		-2.259668		-6.507922		156.465485
6.421067		4.889328		1.845844		-3.466757		-2.255285		-6.508354		156.531769
6.423926		4.889134		1.844699		-3.467379		-2.255609		-6.508760		156.408859
6.422096		4.889147		1.836795		-3.466293		-2.250866		-6.507008		156.326767
6.426432		4.895239		1.840039		-3.468757		-2.253585		-6.510777		156.278107
6.423064		4.888369		1.843656		-3.468302		-2.255122		-6.507164		156.225327
6.425584		4.886801		1.846580		-3.469077		-2.255584		-6.505556		156.124115
6.424365		4.882759		1.850690		-3.472186		-2.257826		-6.502948		155.951080
6.424347		4.876801		1.851789		-3.474604		-2.258144		-6.502287		155.821976
6.428185		4.880678		1.855041		-3.473345		-2.259036		-6.503678		155.697220
6.425217		4.877396		1.850095		-3.473851		-2.257523		-6.500806		155.610214
6.422748		4.876915		1.849680		-3.476013		-2.257890		-6.498583		155.586426
6.426937		4.876604		1.852745		-3.474330		-2.258012		-6.501836		155.588440
6.428818		4.876927		1.846563		-3.470293		-2.252418		-6.503815		155.573303
6.428048		4.878461		1.845703		-3.472419		-2.253324		-6.503184		155.553848
6.430059		4.879415		1.844074		-3.464965		-2.249660		-6.505399		155.533386
6.429396		4.878339		1.844783		-3.463095		-2.251175		-6.505473		155.453400
6.432284		4.881851		1.843678		-3.463316		-2.251360		-6.506308		155.311920
6.435206		4.880047		1.847945		-3.469359		-2.256690		-6.504845		155.249954
6.433480		4.876275		1.850647		-3.471231		-2.256858		-6.504514		155.262314
6.433900		4.877747		1.852027		-3.473765		-2.257210		-6.503948		155.305832
6.435882		4.878948		1.853273		-3.471072		-2.256723		-6.507411		155.313675
6.436126		4.874228		1.850086		-3.472240		-2.254902		-6.506473		155.326553
6.436196		4.877674		1.849551		-3.468276		-2.254498		-6.506427		155.251389
6.442583		4.887220		1.845585		-3.463445		-2.249516		-6.513712		155.260727
6.445083		4.889600		1.848745		-3.468087		-2.251864		-6.514120		155.235626
6.447960		4.887683		1.852534		-3.469314		-2.255908		-6.514958		155.300613
6.444830		4.887962		1.852814		-3.467089		-2.255940		-6.514907		155.514938
6.444161		4.893650		1.852018		-3.467110		-2.257565		-6.515934		155.577011
6.442053		4.892463		1.852647		-3.467406		-2.257803		-6.515890		155.677872
6.440771		4.890277		1.851793		-3.465453		-2.257103		-6.513614		155.655319
6.443163		4.893156		1.850573		-3.466952		-2.257502		-6.513424		155.731903
6.437384		4.886954		1.853231		-3.467606		-2.259295		-6.510967		155.764069
6.446239		4.894527		1.852516		-3.465798		-2.259954		-6.517687		155.832016
6.446073		4.900121		1.852991		-3.465150		-2.258509		-6.518891		155.884384
6.443839		4.899364		1.854618		-3.466295		-2.259863		-6.517484		155.717499
6.439615		4.895067		1.857409		-3.467551		-2.259740		-6.511743		155.539825
6.439326		4.898658		1.855329		-3.466391		-2.259153		-6.515349		155.535278
6.439726		4.900955		1.855702		-3.472229		-2.260513		-6.518068		155.527328
6.436688		4.898843		1.858371		-3.476304		-2.262344		-6.516583		155.449738
6.434877		4.895586		1.862290		-3.479183		-2.265123		-6.514855		155.443817
6.427568		4.897274		1.864358		-3.484080		-2.269722		-6.512235		155.394501
6.426937		4.898279		1.866705		-3.489630		-2.272936		-6.512543		155.390884
6.428215		4.889543		1.867072		-3.491902		-2.273951		-6.511382		155.409119
6.431144		4.891754		1.865722		-3.491037		-2.270832		-6.513330		155.538101
6.432600		4.891851		1.867025		-3.494620		-2.273223		-6.513169		155.671555
6.432838		4.886098		1.863200		-3.491991		-2.271129		-6.510071		155.757263
6.436008		4.891921		1.858133		-3.489922		-2.267960		-6.510748		155.757736
6.438266		4.899860		1.856820		-3.491663		-2.268229		-6.512880		155.735977
6.441482		4.900714		1.856951		-3.493744		-2.270413		-6.515851		155.715942
6.449610		4.907960		1.851448		-3.486477		-2.263273		-6.520458		155.658585
6.451143		4.911272		1.852469		-3.489408		-2.264904		-6.521481		155.581238
6.448874		4.903034		1.855228		-3.489638		-2.265055		-6.519823		155.809692
6.447320		4.904358		1.855323		-3.490096		-2.266370		-6.519134		156.022324
6.453158		4.907988		1.854913		-3.489044		-2.266235		-6.523804		156.209015
6.456480		4.914671		1.855218		-3.490335		-2.265367		-6.526979		156.269516
6.460692		4.913777		1.859387		-3.491101		-2.266961		-6.527040		156.350388
6.456746		4.907614		1.860792		-3.490984		-2.268811		-6.525337		156.400818
6.459538		4.910764		1.861608		-3.488324		-2.268028		-6.528054		156.333389
6.462011		4.916618		1.859272		-3.486625		-2.266674		-6.530181		156.353668
6.461055		4.912118		1.857182		-3.482532		-2.263649		-6.528352		156.349777
6.459684		4.912332		1.856670		-3.479380		-2.262814		-6.527357		156.364853
6.460563		4.914559		1.855998		-3.478677		-2.262397		-6.530333		156.326843
6.458727		4.911795		1.856088		-3.475465		-2.261408		-6.527742		156.387344
6.458205		4.904231		1.855380		-3.476914		-2.262193		-6.524635		156.312561
6.456982		4.907448		1.854163		-3.476315		-2.261797		-6.525155		156.476700
6.454595		4.903581		1.852321		-3.473993		-2.259142		-6.521403		156.572449
6.448256		4.900970		1.854835		-3.473555		-2.259943		-6.517558		156.520721
6.448138		4.901898		1.857309		-3.472370		-2.261720		-6.517464		156.402557
6.453176		4.905183		1.857029		-3.475620		-2.263912		-6.520772		156.454926
6.449643		4.903304		1.858834		-3.480162		-2.264707		-6.520389		156.524200
6.451923		4.903389		1.860221		-3.481886		-2.265612		-6.522465		156.641663
6.450970		4.906255		1.862925		-3.483946		-2.266280		-6.521938		156.674805
6.453244		4.902587		1.863661		-3.487174		-2.269465		-6.523616		156.579971
6.452143		4.905644		1.860948		-3.485803		-2.267824		-6.524820		156.531219
6.446874		4.902129		1.860885		-3.484848		-2.268356		-6.523014		156.522324
6.449324		4.907961		1.858033		-3.482473		-2.264999		-6.524521		156.418076
6.446363		4.906568		1.855585		-3.478070		-2.262398		-6.523833		156.279572
6.443626		4.899208		1.857303		-3.474798		-2.261328		-6.520176		156.331680
6.441723		4.893655		1.856431		-3.474846		-2.258715		-6.518074		156.414093
6.443059		4.898002		1.853938		-3.469321		-2.255201		-6.518413		156.448181
6.442527		4.900250		1.848404		-3.467974		-2.252611		-6.518477		156.382050
6.443584		4.896580		1.853785		-3.471862		-2.256779		-6.519150		156.415283
6.443057		4.895896		1.853908		-3.469476		-2.256750		-6.518959		156.558502
6.447595		4.902402		1.858641		-3.472042		-2.261053		-6.524844		156.644608
6.452504		4.904531		1.854881		-3.465133		-2.256023		-6.527713		156.659805
6.448528		4.908217		1.858649		-3.468834		-2.258627		-6.526260		156.568939
6.451076		4.912698		1.859000		-3.470208		-2.258615		-6.527860		156.571976
6.442479		4.903423		1.856851		-3.467793		-2.254417		-6.521792		156.591431
6.446308		4.905083		1.857928		-3.477458		-2.259191		-6.523049		156.645737
6.442761		4.903563		1.862489		-3.479263		-2.261308		-6.519891		156.429626
6.439377		4.908375		1.857931		-3.476111		-2.259030		-6.519492		156.286606
6.435661		4.907868		1.861782		-3.476191		-2.257971		-6.518224		156.253906
6.439726		4.910028		1.859134		-3.473698		-2.256690		-6.520370		156.266968
6.445139		4.918406		1.856900		-3.474826		-2.255777		-6.524275		156.286377
6.445378		4.919422		1.853050		-3.473528		-2.252028		-6.524877		156.329712
6.452305		4.923641		1.851047		-3.472544		-2.251022		-6.528727		156.269348
6.452272		4.926561		1.850867		-3.471003		-2.249152		-6.527203		156.183090
6.457543		4.930600		1.850804		-3.466780		-2.248643		-6.531189		156.037659
6.463687		4.931391		1.855441		-3.468972		-2.253487		-6.535625		155.867554
6.464048		4.936263		1.853602		-3.466649		-2.251803		-6.536314		155.644485
6.466216		4.938771		1.864313		-3.474707		-2.259697		-6.535192		155.386414
6.467346		4.939124		1.865859		-3.475742		-2.260229		-6.537114		155.282944
6.462844		4.938158		1.863435		-3.475911		-2.261457		-6.534086		155.350418
6.461387		4.937187		1.861123		-3.476659		-2.261366		-6.531777		155.325043
6.461435		4.935802		1.860725		-3.476444		-2.261270		-6.531769		155.091782
6.465071		4.939495		1.858418		-3.470682		-2.257085		-6.536520		155.028046
6.459219		4.934509		1.857231		-3.471856		-2.256876		-6.532648		154.959061
6.458623		4.933002		1.858451		-3.474235		-2.258267		-6.532249		154.871994
6.459025		4.931561		1.857700		-3.475248		-2.257257		-6.531179		154.671280
6.456688		4.927644		1.857313		-3.473731		-2.256415		-6.527953		154.482010
6.457866		4.931470		1.852201		-3.475492		-2.255868		-6.527385		154.374695
6.459532		4.928258		1.851221		-3.472069		-2.254435		-6.528153		154.327011
6.458745		4.926894		1.848694		-3.465539		-2.251432		-6.527604		154.318878
6.465452		4.932292		1.851110		-3.466425		-2.254255		-6.531453		154.357269
6.460588		4.930441		1.853156		-3.468366		-2.257269		-6.528628		154.499802
6.457959		4.927694		1.849195		-3.468334		-2.257797		-6.528386		154.574295
6.453064		4.926224		1.848978		-3.469211		-2.258619		-6.526757		154.636307
6.450085		4.920987		1.844917		-3.468449		-2.254963		-6.524456		154.773224
6.445339		4.915817		1.843162		-3.470460		-2.254071		-6.518854		154.767700
6.446263		4.915096		1.841909		-3.470572		-2.253953		-6.522583		154.649246
6.446169		4.909723		1.839765		-3.468924		-2.252850		-6.522125		154.497711
6.452569		4.915611		1.838598		-3.468805		-2.253282		-6.525182		154.295105
6.449695		4.913315		1.845048		-3.471776		-2.257666		-6.522642		154.057541
6.446706		4.913436		1.844853		-3.471063		-2.254972		-6.521235		153.733826
6.452068		4.913171		1.844915		-3.467016		-2.253205		-6.522974		153.536743
6.450716		4.905868		1.842216		-3.464441		-2.251582		-6.519808		153.395676
6.452697		4.908997		1.846869		-3.468146		-2.253674		-6.520993		153.340622
6.453511		4.908877		1.849666		-3.467060		-2.255625		-6.520819		153.392120
6.458766		4.912018		1.848698		-3.469319		-2.253901		-6.526123		153.528595
6.460741		4.912559		1.849430		-3.471204		-2.255193		-6.524618		153.712799
6.460060		4.915339		1.845497		-3.473182		-2.253863		-6.526121		153.885834
6.454517		4.910568		1.847480		-3.468986		-2.254067		-6.522337		153.940918
6.450794		4.911086		1.850703		-3.469716		-2.256084		-6.519742		153.942093
6.453471		4.912087		1.847193		-3.464006		-2.252947		-6.520308		154.024872
6.449447		4.905247		1.847983		-3.464438		-2.254170		-6.516706		154.169357
6.453420		4.909370		1.844316		-3.463691		-2.251121		-6.519385		154.244644
6.456500		4.912835		1.850606		-3.465291		-2.256300		-6.518563		154.186813
6.460223		4.914241		1.849892		-3.463583		-2.254502		-6.521524		154.163757
6.467207		4.923378		1.851605		-3.463115		-2.253461		-6.526816		154.105576
6.471475		4.927702		1.854429		-3.464356		-2.253267		-6.529593		154.059830
6.471979		4.925040		1.855574		-3.463751		-2.253162		-6.530287		154.271759
6.478122		4.924527		1.856224		-3.465470		-2.252841		-6.533476		154.438812
6.483281		4.925055		1.856599		-3.461919		-2.250336		-6.535031		154.573395
6.484865		4.930907		1.858260		-3.463496		-2.250376		-6.537764		154.479340
6.479444		4.924610		1.860040		-3.462230		-2.249661		-6.533577		154.409622
6.479690		4.920923		1.860282		-3.457884		-2.249453		-6.532929		154.481415
6.477221		4.922515		1.859954		-3.457475		-2.249933		-6.531332		154.518372
6.480013		4.924857		1.860115		-3.456386		-2.249847		-6.533679		154.538834
6.478421		4.921314		1.858329		-3.454765		-2.249460		-6.532265		154.569580
6.475094		4.921759		1.855381		-3.452505		-2.248558		-6.531140		154.586258
6.474198		4.924446		1.854081		-3.455384		-2.249079		-6.533196		154.554749
6.470675		4.915350		1.858474		-3.453189		-2.249584		-6.528501		154.472916
6.468657		4.915002		1.860388		-3.455626		-2.251049		-6.525597		154.456070
6.468930		4.911711		1.862857		-3.459361		-2.252085		-6.525137		154.575165
6.469969		4.911422		1.865743		-3.462952		-2.257330		-6.527486		154.799835
6.467345		4.910424		1.865640		-3.460786		-2.256773		-6.521988		154.952484
6.468790		4.914992		1.863678		-3.462915		-2.255988		-6.523220		155.162460
6.468423		4.911181		1.865758		-3.466036		-2.257973		-6.522575		155.329468
6.472208		4.913500		1.863717		-3.462233		-2.255205		-6.524731		155.583969
6.471634		4.917362		1.863326		-3.463996		-2.255137		-6.523876		155.570724
6.471449		4.923657		1.863608		-3.465164		-2.257916		-6.526379		155.636246
6.471944		4.921630		1.858749		-3.467479		-2.257486		-6.528270		155.602020
6.469701		4.918935		1.857840		-3.469235		-2.257167		-6.526849		155.332413
6.465269		4.918537		1.853787		-3.468903		-2.254755		-6.523807		155.157852
6.465198		4.918670		1.857140		-3.469692		-2.255170		-6.523707		155.111450
6.460104		4.909604		1.856485		-3.465912		-2.254674		-6.518402		155.056793
6.462522		4.915975		1.856081		-3.466920		-2.254540		-6.521026		155.218033
6.461926		4.912017		1.851672		-3.463327		-2.250314		-6.518321		155.546524
6.465228		4.910037		1.854891		-3.466458		-2.253451		-6.519667		155.605484
6.464508		4.906339		1.858812		-3.467539		-2.255569		-6.517326		155.691528
6.459620		4.903588		1.861642		-3.470958		-2.257440		-6.513552		155.904465
6.458981		4.898497		1.863214		-3.469699		-2.258894		-6.511941		155.977402
6.459681		4.901414		1.857093		-3.467539		-2.253837		-6.511909		156.153122
6.458941		4.898806		1.855561		-3.464708		-2.254194		-6.510584		156.302002
6.449124		4.893186		1.857922		-3.465963		-2.256585		-6.505837		156.408447
6.451204		4.898596		1.856077		-3.467211		-2.256545		-6.506617		156.674072
6.454514		4.896396		1.855499		-3.462971		-2.255521		-6.510862		156.800400
6.452536		4.895090		1.851801		-3.455528		-2.251984		-6.509822		156.739883
6.454364		4.895965		1.856464		-3.457757		-2.253449		-6.509820		156.742828
6.458950		4.904304		1.858068		-3.456652		-2.254035		-6.511831		156.820541
6.459003		4.901135		1.856742		-3.452892		-2.253670		-6.509799		157.006485
6.458828		4.902439		1.858864		-3.449575		-2.254354		-6.510573		157.112915
6.460487		4.908875		1.859919		-3.450887		-2.254758		-6.513337		157.028610
6.462004		4.907432		1.859964		-3.453453		-2.253746		-6.513302		156.862869
6.463816		4.903426		1.863804		-3.455004		-2.256493		-6.512732		156.678223
6.464617		4.902248		1.865498		-3.452453		-2.254843		-6.512851		156.737137
6.465225		4.908209		1.864974		-3.450008		-2.253461		-6.513877		156.697906
6.462280		4.906780		1.859576		-3.446380		-2.249352		-6.513382		156.569458
6.461555		4.906180		1.854689		-3.446677		-2.246860		-6.513816		156.467957
6.458785		4.904805		1.859794		-3.450894		-2.252284		-6.512720		156.358627
6.455893		4.904928		1.860317		-3.452987		-2.252173		-6.511529		156.346268
6.454312		4.900475		1.859291		-3.446940		-2.249557		-6.513654		156.233398
6.454391		4.901666		1.860246		-3.445646		-2.249848		-6.514418		156.031403
6.452291		4.904391		1.858254		-3.446809		-2.248020		-6.512039		156.018143
6.455533		4.906747		1.861272		-3.454903		-2.252718		-6.513036		155.849243
6.447009		4.897746		1.860788		-3.454761		-2.252256		-6.506340		155.809006
6.446911		4.899763		1.861724		-3.455333		-2.253629		-6.506697		155.821381
6.450227		4.905974		1.861553		-3.454330		-2.251312		-6.509754		155.803772
6.446199		4.898089		1.860500		-3.453229		-2.251661		-6.506436		155.634842
6.445723		4.895764		1.859028		-3.452991		-2.251602		-6.504509		155.486969
6.447489		4.901328		1.863937		-3.456824		-2.256065		-6.506003		155.310760
6.449108		4.902373		1.864861		-3.455269		-2.255992		-6.509250		154.910080
6.445924		4.898436		1.861387		-3.448146		-2.251719		-6.505973		154.675262
6.443887		4.896423		1.859326		-3.445749		-2.248906		-6.504382		154.564972
6.445202		4.897200		1.859812		-3.448272		-2.249884		-6.501943		154.542526
6.447030		4.900024		1.860708		-3.451186		-2.249822		-6.504387		154.395172
6.442377		4.904427		1.859771		-3.449970		-2.247636		-6.501916		154.267105
6.441306		4.898722		1.858920		-3.448552		-2.247560		-6.501175		154.319183
6.441078		4.899981		1.859583		-3.451617		-2.248361		-6.501204		154.411209
6.437614		4.897611		1.853711		-3.449809		-2.243341		-6.497911		154.381348
6.443370		4.898871		1.854021		-3.446515		-2.243692		-6.500462		154.390289
6.445768		4.900253		1.851969		-3.446831		-2.243498		-6.500658		154.429916
6.453709		4.906412		1.854930		-3.448989		-2.245345		-6.505440		154.423569
6.454343		4.901224		1.853922		-3.445975		-2.243653		-6.505045		154.407547
6.451584		4.902242		1.858814		-3.449537		-2.247642		-6.502821		154.362854
6.450446		4.907649		1.855615		-3.445359		-2.245709		-6.504909		154.307419
6.451391		4.907279		1.859196		-3.448331		-2.248235		-6.505580		154.157028
6.451603		4.905444		1.862912		-3.448917		-2.249886		-6.507198		154.186707
6.456163		4.912386		1.861589		-3.448047		-2.247848		-6.508167		154.259857
6.457958		4.911304		1.864302		-3.450140		-2.250496		-6.511616		154.513290
6.457365		4.914731		1.862851		-3.449833		-2.251330		-6.513667		154.746078
6.460389		4.917714		1.866125		-3.453114		-2.255621		-6.514127		155.065720
6.464271		4.920212		1.866439		-3.452197		-2.254955		-6.517571		155.257721
6.466671		4.915213		1.863546		-3.452549		-2.254975		-6.518493		155.360428
6.462735		4.915112		1.863551		-3.457506		-2.260396		-6.515580		155.399414
6.469744		4.919524		1.864042		-3.463055		-2.261200		-6.519943		155.469482
6.468982		4.920338		1.867469		-3.463105		-2.262627		-6.521065		155.544785
6.467632		4.919277		1.868634		-3.464425		-2.266040		-6.522296		155.674133
6.465602		4.925339		1.865988		-3.463735		-2.264892		-6.522626		155.857651
6.464658		4.926159		1.868747		-3.470123		-2.268288		-6.521060		155.816483
6.469203		4.925314		1.868763		-3.469000		-2.269192		-6.524340		155.739532
6.471842		4.925336		1.866619		-3.469991		-2.269662		-6.524704		155.765762
6.471471		4.926219		1.867264		-3.470004		-2.269485		-6.523149		155.735214
6.474639		4.927829		1.866007		-3.468348		-2.268393		-6.526048		155.798996
6.474210		4.925024		1.866982		-3.464435		-2.267527		-6.524605		155.737640
6.468996		4.923908		1.862002		-3.462927		-2.264915		-6.520852		155.640762
6.472558		4.925838		1.861448		-3.462208		-2.263496		-6.524648		155.838654
6.473560		4.924950		1.863446		-3.464342		-2.264617		-6.524714		156.027908
6.478749		4.930495		1.859849		-3.463357		-2.262327		-6.526086		156.077896
6.473073		4.929806		1.856117		-3.461940		-2.260367		-6.521427		156.197662
6.474600		4.927652		1.851124		-3.458765		-2.257543		-6.519240		156.287735
6.469739		4.917256		1.855435		-3.458989		-2.261051		-6.513875		156.310104
6.467910		4.919141		1.856599		-3.457313		-2.259364		-6.513050		156.462524
6.466926		4.916614		1.856896		-3.461440		-2.260700		-6.511135		156.513382
6.467442		4.915294		1.855881		-3.459582		-2.260202		-6.509737		156.531876
6.465796		4.918782		1.855065		-3.457952		-2.257683		-6.510527		156.462555
6.466248		4.916412		1.854226		-3.456946		-2.255579		-6.508215		156.378189
6.468267		4.918392		1.854483		-3.454589		-2.256523		-6.511568		156.275192
6.465588		4.916127		1.856930		-3.455601		-2.257752		-6.508420		156.069794
6.464898		4.920685		1.858740		-3.453941		-2.256705		-6.509894		156.074509
6.469596		4.916828		1.863118		-3.456053		-2.257746		-6.509195		156.111176
6.468102		4.916913		1.860171		-3.450760		-2.255142		-6.509145		156.057693
6.468689		4.919347		1.858558		-3.451199		-2.254362		-6.510676		155.963928
6.469197		4.917142		1.855607		-3.446413		-2.251555		-6.510486		155.843689
6.467647		4.914042		1.855362		-3.443922		-2.250473		-6.507373		155.700912
6.469041		4.918139		1.850230		-3.447357		-2.249843		-6.513392		155.644196
6.466510		4.922051		1.849791		-3.450271		-2.251578		-6.513415		155.613892
6.460525		4.920595		1.854044		-3.451279		-2.253531		-6.510717		155.609482
6.464711		4.919273		1.856387		-3.455370		-2.255359		-6.513942		155.684479
6.461654		4.917692		1.855012		-3.456714		-2.254783		-6.511606		155.737900
6.461195		4.914277		1.853682		-3.460535		-2.256568		-6.510442		155.732010
6.461053		4.910660		1.850623		-3.461553		-2.255521		-6.509697		155.816330
6.460711		4.913398		1.846252		-3.458641		-2.252064		-6.511069		155.864120
6.465906		4.917569		1.848466		-3.460790		-2.254449		-6.515371		155.833557
6.468156		4.912511		1.844525		-3.459706		-2.251558		-6.516861		155.711487
6.464122		4.912566		1.850553		-3.465782		-2.253457		-6.515071		155.596512
6.461210		4.913517		1.854444		-3.470314		-2.254982		-6.513349		155.390976
6.460244		4.911300		1.861616		-3.475436		-2.260632		-6.514354		155.221817
6.458866		4.911646		1.867437		-3.481178		-2.265095		-6.513730		155.085907
6.461552		4.916641		1.866246		-3.481126		-2.265033		-6.515326		154.992020
6.466404		4.919734		1.866081		-3.479615		-2.265155		-6.519593		154.884323
6.469350		4.922668		1.866299		-3.477420		-2.264865		-6.521748		154.816681
6.472005		4.927635		1.866110		-3.472467		-2.263011		-6.524025		154.798767
6.470729		4.924966		1.863598		-3.467456		-2.260712		-6.524498		154.766846
6.464868		4.921077		1.862230		-3.465809		-2.260262		-6.519868		154.790726
6.467886		4.924323		1.864757		-3.463244		-2.259794		-6.519770		154.810425
6.471637		4.928026		1.860309		-3.457822		-2.255419		-6.522459		154.817444
6.470864		4.928471		1.860735		-3.454777		-2.252026		-6.523746		154.846909
6.466482		4.919520		1.859488		-3.452449		-2.250918		-6.519153		154.922516
6.463205		4.917944		1.857603		-3.451537		-2.250030		-6.515660		155.114792
6.462801		4.918505		1.854188		-3.451581		-2.250468		-6.517347		155.213303
6.464584		4.912808		1.852507		-3.450834		-2.249493		-6.517563		155.131790
6.456871		4.900988		1.854945		-3.452731		-2.252083		-6.512029		155.019043
6.457176		4.902121		1.852485		-3.453693		-2.251167		-6.512691		155.065140
6.457330		4.902152		1.850123		-3.452959		-2.248980		-6.512567		155.127823
6.454987		4.894949		1.849551		-3.449069		-2.248627		-6.508356		155.098602
6.458506		4.898309		1.849284		-3.448636		-2.248392		-6.512185		155.055893
6.461836		4.904589		1.852085		-3.445131		-2.248700		-6.516632		154.924622
6.464582		4.902399		1.851412		-3.447644		-2.249934		-6.518572		154.833786
6.461389		4.900499		1.853135		-3.447549		-2.251612		-6.514438		154.939621
6.456555		4.901684		1.854017		-3.447418		-2.251460		-6.511894		154.995697
6.455731		4.898683		1.852809		-3.450023		-2.252392		-6.509676		154.927109
6.454339		4.891809		1.855819		-3.450888		-2.254518		-6.507229		154.933685
6.455624		4.896663		1.853517		-3.449602		-2.252686		-6.509797		155.041031
6.450013		4.892756		1.854533		-3.450699		-2.255069		-6.507006		154.888763
6.448036		4.892206		1.850901		-3.446829		-2.250893		-6.507455		154.678055
6.449038		4.894976		1.851131		-3.449178		-2.252429		-6.507861		154.479202
6.448536		4.892236		1.856986		-3.453940		-2.257904		-6.507843		154.419556
6.450090		4.890024		1.852945		-3.448503		-2.253866		-6.510827		154.469025
6.447431		4.889795		1.855765		-3.448765		-2.254990		-6.507535		154.404175
6.452646		4.894369		1.853246		-3.452206		-2.254141		-6.510786		154.381714
6.451338		4.893744		1.858323		-3.454351		-2.257465		-6.509584		154.418365
6.450538		4.891567		1.859911		-3.455032		-2.258622		-6.508509		154.478745
6.443180		4.887287		1.859827		-3.452527		-2.257385		-6.503270		154.565872
6.442623		4.884366		1.859463		-3.451121		-2.255035		-6.501547		154.667664
6.443363		4.888262		1.863135		-3.453490		-2.256990		-6.503363		154.811798
6.443068		4.891000		1.858987		-3.455392		-2.256694		-6.502320		154.965683
6.443985		4.894050		1.855496		-3.452074		-2.253672		-6.506660		155.102142
6.444987		4.891372		1.858946		-3.453971		-2.255670		-6.505698		155.201248
6.443870		4.894731		1.863542		-3.454805		-2.258460		-6.503166		155.316437
6.443186		4.892842		1.863858		-3.460088		-2.261665		-6.502341		155.474396
6.440979		4.892658		1.863183		-3.459851		-2.261414		-6.499978		155.698578
6.434505		4.891523		1.865747		-3.465352		-2.265179		-6.495159		155.733063
6.434991		4.888796		1.863669		-3.465133		-2.264626		-6.493323		155.879822
6.437779		4.888919		1.859600		-3.462025		-2.262267		-6.495828		155.876297
6.437182		4.896684		1.857540		-3.460799		-2.260105		-6.498712		155.731995
6.435098		4.894185		1.863108		-3.465259		-2.261086		-6.495101		155.650711
6.435427		4.891557		1.864811		-3.463767		-2.261182		-6.495251		155.612701
6.436685		4.893981		1.857332		-3.458154		-2.255049		-6.494903		155.691879
6.432595		4.894673		1.858399		-3.456690		-2.254030		-6.494443		155.763123
6.438517		4.895816		1.856938		-3.453919		-2.252152		-6.495640		155.688309
6.444318		4.902191		1.855504		-3.451815		-2.249624		-6.500154		155.654526
6.448862		4.903949		1.853389		-3.449066		-2.245869		-6.502544		155.665146
6.448628		4.900362		1.857621		-3.453158		-2.249242		-6.501546		155.485550
6.446070		4.897627		1.858334		-3.449697		-2.246978		-6.499941		155.301712
6.446169		4.901686		1.855439		-3.448568		-2.244501		-6.500826		155.079971
6.444726		4.903319		1.853880		-3.448952		-2.243805		-6.499761		155.013306
6.440912		4.897750		1.849288		-3.447644		-2.242268		-6.497422		154.925079
6.438831		4.901296		1.851454		-3.447327		-2.243219		-6.498380		154.857788
6.441076		4.905631		1.853897		-3.446561		-2.244400		-6.501205		154.771210
6.441765		4.904291		1.853216		-3.445298		-2.243841		-6.500987		154.710709
6.441894		4.901525		1.855243		-3.446623		-2.245980		-6.501069		154.549225
6.440602		4.905369		1.857463		-3.449985		-2.246693		-6.497993		154.395203
6.447894		4.903904		1.858188		-3.452336		-2.247011		-6.500148		154.423981
6.451557		4.904816		1.862921		-3.455272		-2.250821		-6.502987		154.428650
6.449105		4.904455		1.861391		-3.460545		-2.252121		-6.501869		154.497055
6.448491		4.904007		1.862796		-3.462590		-2.254419		-6.500593		154.484955
6.443658		4.900077		1.867748		-3.466738		-2.256642		-6.498215		154.486404
6.447645		4.903648		1.870549		-3.468550		-2.257586		-6.500561		154.593796
6.448303		4.904240		1.870264		-3.465816		-2.255728		-6.500728		154.754913
6.447831		4.898770		1.871711		-3.468047		-2.258577		-6.500596		154.907837
6.447888		4.899905		1.874216		-3.474234		-2.263592		-6.500856		154.970688
6.450823		4.904952		1.869317		-3.471672		-2.258527		-6.502809		155.003387
6.450252		4.898046		1.868305		-3.476428		-2.259507		-6.501440		154.988251
6.451124		4.902820		1.873639		-3.484418		-2.264411		-6.502052		154.881058
6.453043		4.910768		1.871995		-3.482493		-2.263120		-6.505588		154.917099
6.454960		4.916867		1.867505		-3.478287		-2.259685		-6.508634		155.021774
6.455931		4.915243		1.870173		-3.478328		-2.261316		-6.509341		155.092560
6.454529		4.914632		1.869008		-3.475603		-2.259864		-6.509874		155.212555
6.458325		4.917871		1.865547		-3.470885		-2.258298		-6.513514		155.202606
6.457180		4.918961		1.863285		-3.467583		-2.255730		-6.511410		155.057465
6.457801		4.916992		1.865731		-3.468866		-2.258359		-6.511767		154.936752
6.456276		4.910512		1.862157		-3.465957		-2.256520		-6.507447		154.864059
6.454361		4.911826		1.857470		-3.463208		-2.253233		-6.504778		154.718140
6.452813		4.915709		1.860901		-3.466795		-2.255990		-6.507230		154.589966
6.449983		4.905645		1.857433		-3.463858		-2.252582		-6.503296		154.453201
6.446235		4.904445		1.859124		-3.461227		-2.252448		-6.499940		154.409531
6.446923		4.904947		1.861030		-3.465984		-2.255201		-6.500944		154.379150
6.444500		4.902406		1.862982		-3.467144		-2.257858		-6.500219		154.333038
6.450142		4.907725		1.861600		-3.462654		-2.254951		-6.503671		154.373428
6.449305		4.907658		1.854630		-3.455798		-2.247519		-6.502196		154.452957
6.449423		4.902276		1.859688		-3.455961		-2.249961		-6.503324		154.609528
6.452405		4.905430		1.856235		-3.451767		-2.246846		-6.504261		154.605164
6.453809		4.906198		1.857899		-3.453250		-2.249253		-6.505353		154.659164
6.453860		4.902552		1.865122		-3.456601		-2.254968		-6.504123		154.698013
6.456061		4.905188		1.863745		-3.454000		-2.253972		-6.506820		154.533249
6.453218		4.904492		1.860591		-3.451716		-2.252155		-6.504970		154.403137
6.451287		4.902623		1.856663		-3.448704		-2.250840		-6.503146		154.431992
6.453390		4.901526		1.856131		-3.446308		-2.250401		-6.503277		154.298126
6.454642		4.906674		1.859579		-3.448947		-2.256073		-6.506085		154.165329
6.458818		4.910460		1.858404		-3.445646		-2.253783		-6.507164		154.034454
6.456836		4.908929		1.856165		-3.443940		-2.251711		-6.507206		153.910507
6.455735		4.903606		1.859740		-3.443226		-2.252536		-6.505130		154.156586
6.459060		4.907039		1.863909		-3.447208		-2.256962		-6.507964		154.387512
6.458631		4.905362		1.863691		-3.453148		-2.259228		-6.507424		154.755920
6.464296		4.905525		1.868942		-3.456690		-2.261808		-6.511528		154.929672
6.469031		4.909688		1.870680		-3.456266		-2.261435		-6.514132		155.000870
6.473304		4.915749		1.869083		-3.453579		-2.261933		-6.518065		155.032364
6.470590		4.913441		1.864865		-3.450274		-2.260590		-6.516985		155.126877
6.467314		4.915308		1.864224		-3.448068		-2.259850		-6.514782		155.340576
6.465955		4.914158		1.865288		-3.445245		-2.259760		-6.510698		155.455933
6.469321		4.913740		1.865470		-3.446264		-2.263246		-6.513514		155.539169
6.471628		4.916635		1.866818		-3.446693		-2.264609		-6.518060		155.632584
6.472062		4.918034		1.865212		-3.445711		-2.264845		-6.519249		155.639572
6.468347		4.923333		1.869528		-3.449039		-2.267245		-6.520569		155.541153
6.469151		4.917262		1.866123		-3.447252		-2.263929		-6.517888		155.381989
6.466731		4.918583		1.859493		-3.442437		-2.260332		-6.516403		155.219788
6.462134		4.919953		1.858272		-3.444451		-2.258806		-6.515125		155.077179
6.460358		4.915283		1.859441		-3.441532		-2.259184		-6.511522		155.112030
6.463082		4.916767		1.855895		-3.438454		-2.255827		-6.514594		155.121826
6.462082		4.921378		1.854455		-3.433183		-2.254007		-6.515311		155.075348
6.458458		4.916709		1.855636		-3.435744		-2.253009		-6.512528		155.021774
6.457322		4.914442		1.864448		-3.442141		-2.259359		-6.511072		154.952332
6.464056		4.921601		1.868296		-3.445294		-2.261347		-6.514987		154.792892
6.469045		4.926264		1.873570		-3.452702		-2.267530		-6.518833		154.812271
6.468730		4.924184		1.870702		-3.453466		-2.264429		-6.518694		154.927917
6.461531		4.915265		1.873721		-3.455641		-2.266901		-6.513013		154.901733
6.457604		4.909777		1.875217		-3.459221		-2.268948		-6.508318		154.907349
6.460591		4.913530		1.875046		-3.459163		-2.269979		-6.508571		154.996841
6.460345		4.912379		1.873803		-3.456358		-2.268906		-6.509198		155.022293
6.456764		4.907179		1.870900		-3.457059		-2.268929		-6.506207		155.119675
6.454342		4.911352		1.865873		-3.452979		-2.264357		-6.505493		155.201004
6.455563		4.909134		1.868442		-3.453229		-2.266080		-6.506519		155.240753
6.459167		4.911666		1.873862		-3.458134		-2.267825		-6.508653		155.218033
6.455436		4.911688		1.875115		-3.459169		-2.267885		-6.507007		155.142868
6.450075		4.912176		1.870649		-3.458445		-2.266897		-6.506023		155.245331
6.448920		4.917955		1.874520		-3.453472		-2.266537		-6.509517		155.372238
6.442740		4.912617		1.876491		-3.452339		-2.267726		-6.506427		155.500961
6.444414		4.916993		1.874159		-3.454002		-2.267579		-6.509510		155.516739
6.442432		4.912863		1.873409		-3.455465		-2.267018		-6.507282		155.539597
6.446493		4.916443		1.873260		-3.453814		-2.266953		-6.510954		155.521698
6.440374		4.917858		1.871626		-3.455233		-2.267429		-6.507307		155.536575
6.439383		4.915924		1.872779		-3.455503		-2.266681		-6.505353		155.533081
6.441010		4.915484		1.877930		-3.458836		-2.268401		-6.509995		155.432541
6.437619		4.913076		1.873735		-3.453263		-2.265769		-6.507593		155.152390
6.436538		4.914364		1.873062		-3.454969		-2.267541		-6.506077		155.035507
6.442097		4.917362		1.869216		-3.453468		-2.265569		-6.509472		155.036148
6.444035		4.918156		1.871785		-3.456214		-2.266511		-6.509641		155.025009
6.446113		4.919342		1.873881		-3.458779		-2.265819		-6.510950		154.938354
6.451574		4.919472		1.873587		-3.456058		-2.263347		-6.515986		154.639069
6.450296		4.920915		1.874423		-3.456218		-2.262919		-6.515288		154.443146
6.452381		4.926370		1.872366		-3.455828		-2.260919		-6.517267		154.137421
6.447680		4.922508		1.870476		-3.456033		-2.260436		-6.512188		153.881470
6.443987		4.920388		1.868581		-3.454611		-2.258416		-6.511578		153.786819
6.442275		4.919788		1.867031		-3.453644		-2.255472		-6.510667		153.846603
6.442058		4.921565		1.869224		-3.453324		-2.256032		-6.510801		153.911148
6.444674		4.927332		1.868544		-3.450751		-2.253664		-6.513053		154.034943
6.441084		4.922642		1.868764		-3.453344		-2.253472		-6.510424		154.384430
6.441098		4.920998		1.868902		-3.453327		-2.253930		-6.510149		154.734390
6.438347		4.922417		1.873018		-3.455201		-2.255845		-6.510566		155.020889
6.439222		4.924498		1.873778		-3.458007		-2.256025		-6.511298		155.270157
6.439768		4.924693		1.873537		-3.455871		-2.256528		-6.510874		155.413589
6.443899		4.928610		1.872579		-3.453125		-2.256025		-6.511292		155.614838
6.439252		4.923917		1.871536		-3.451493		-2.254841		-6.508265		155.798111
6.446996		4.929242		1.873180		-3.450080		-2.253670		-6.515487		155.827972
6.447932		4.931202		1.871110		-3.444755		-2.250929		-6.515831		155.893753
6.453101		4.935513		1.867618		-3.440137		-2.246547		-6.517667		155.984238
6.457359		4.931854		1.869835		-3.445058		-2.249821		-6.518919		156.115265
6.459061		4.931323		1.867316		-3.449183		-2.249672		-6.519219		156.070786
6.459029		4.935197		1.870080		-3.451600		-2.251368		-6.519526		155.971130
6.456141		4.928716		1.867111		-3.448368		-2.248325		-6.515668		155.838821
6.455329		4.932025		1.861329		-3.443710		-2.244600		-6.517953		155.606461
6.453328		4.931797		1.865355		-3.445570		-2.248317		-6.515490		155.483780
6.450418		4.925384		1.864788		-3.443396		-2.247343		-6.511858		155.277710
6.451913		4.922136		1.864900		-3.443696		-2.247367		-6.512005		155.202347
6.456512		4.925598		1.864976		-3.446081		-2.249628		-6.514166		155.179916
6.459468		4.927341		1.863575		-3.442674		-2.246090		-6.517225		155.217422
6.456511		4.926308		1.863365		-3.439923		-2.246555		-6.514343		155.228546
6.457943		4.926631		1.863989		-3.437743		-2.245968		-6.517709		155.169907
6.461150		4.930226		1.864968		-3.445161		-2.250507		-6.519147		155.137802
6.460691		4.930572		1.864486		-3.446495		-2.252547		-6.519001		155.126770
6.457386		4.919632		1.866971		-3.446348		-2.253299		-6.513070		155.311234
6.456800		4.922372		1.862825		-3.440590		-2.248646		-6.512831		155.355698
6.458701		4.929486		1.857565		-3.439483		-2.246018		-6.517357		155.393967
6.458926		4.926910		1.854551		-3.437538		-2.246202		-6.518566		155.547241
6.458769		4.928177		1.861032		-3.439839		-2.251884		-6.520513		155.709930
6.457241		4.926588		1.858280		-3.437903		-2.249591		-6.517661		155.812027
6.455561		4.922856		1.850289		-3.432165		-2.245622		-6.514182		155.873566
6.455657		4.916819		1.855229		-3.436486		-2.248893		-6.514439		155.938095
6.457208		4.917175		1.859306		-3.438937		-2.253771		-6.516776		156.090790
6.452406		4.920525		1.855486		-3.437148		-2.251941		-6.514637		156.163239
6.451261		4.917807		1.853071		-3.432556		-2.248433		-6.513675		156.154297
6.450589		4.917323		1.856491		-3.434588		-2.251784		-6.515809		156.073990
6.453019		4.922146		1.857218		-3.436353		-2.254270		-6.517145		155.936493
6.453531		4.921292		1.854304		-3.437875		-2.251715		-6.517198		155.752396
6.451741		4.916249		1.855491		-3.441969		-2.253229		-6.516674		155.481583
6.451783		4.918580		1.859064		-3.438651		-2.255030		-6.516803		155.404739
6.448041		4.920180		1.857577		-3.438143		-2.255017		-6.513873		155.583984
6.447857		4.917429		1.859444		-3.440420		-2.256771		-6.513336		155.650269
6.445015		4.916780		1.855858		-3.435890		-2.252005		-6.510988		155.746902
6.441259		4.918662		1.851830		-3.433583		-2.246909		-6.510198		155.713470
6.441453		4.916753		1.849018		-3.428725		-2.244129		-6.510119		155.729858
6.444373		4.919354		1.849275		-3.428972		-2.243614		-6.509721		155.738480
6.446690		4.917616		1.851606		-3.432240		-2.246665		-6.509190		155.872757
6.444124		4.911480		1.852707		-3.433097		-2.247364		-6.504536		156.052521
6.440270		4.908179		1.852565		-3.431854		-2.244925		-6.502555		156.244980
6.442109		4.911515		1.850328		-3.430859		-2.243318		-6.503238		156.352386
6.444022		4.910715		1.854676		-3.431260		-2.246165		-6.504806		156.283737
6.450331		4.914604		1.858126		-3.435692		-2.249300		-6.511733		156.121033
6.454238		4.917597		1.861430		-3.439387		-2.252738		-6.514793		155.900253
6.456304		4.918999		1.856052		-3.436191		-2.250246		-6.517546		155.838272
6.454934		4.912371		1.857714		-3.438141		-2.253391		-6.513108		155.669785
6.455049		4.914859		1.853510		-3.440137		-2.252405		-6.512446		155.462875
6.458508		4.920596		1.852124		-3.441017		-2.251210		-6.515634		155.374466
6.461911		4.918945		1.851517		-3.439815		-2.249402		-6.517166		155.272324
6.460657		4.920434		1.851587		-3.438452		-2.249175		-6.517744		155.196213
6.455068		4.913081		1.851885		-3.437333		-2.246611		-6.513967		155.183243
6.455734		4.905442		1.853137		-3.441294		-2.247498		-6.513602		155.130722
6.452941		4.906153		1.849962		-3.436181		-2.244101		-6.511660		155.147095
6.452850		4.909320		1.850589		-3.437459		-2.245725		-6.513621		155.116669
6.452132		4.903676		1.852501		-3.439164		-2.249040		-6.513928		155.114304
6.451669		4.906075		1.858424		-3.439354		-2.252199		-6.512228		155.208328
6.449152		4.911075		1.857533		-3.443146		-2.254495		-6.510400		155.252563
6.448693		4.908104		1.858334		-3.445309		-2.255991		-6.509906		155.258423
6.449997		4.917498		1.860667		-3.446983		-2.256426		-6.515090		155.170944
6.449873		4.918775		1.858596		-3.445536		-2.257386		-6.515444		155.158386
6.450212		4.921066		1.859559		-3.441544		-2.254836		-6.514765		155.275986
6.445986		4.917991		1.865017		-3.442978		-2.255434		-6.512088		155.331360
6.444314		4.912976		1.869730		-3.448451		-2.257988		-6.511623		155.428101
6.443027		4.910641		1.873163		-3.448901		-2.261055		-6.508812		155.609055
6.448403		4.913057		1.874305		-3.448562		-2.261588		-6.511605		155.714050
6.445196		4.907589		1.873360		-3.446882		-2.262271		-6.509987		155.822235
6.442702		4.910242		1.873685		-3.448764		-2.262525		-6.508073		155.979050
6.442422		4.916354		1.875493		-3.450257		-2.263143		-6.510772		155.879745
6.447118		4.914381		1.876924		-3.453160		-2.265570		-6.510595		155.791061
6.448300		4.914473		1.884099		-3.454554		-2.270049		-6.513424		155.710510
6.442771		4.910910		1.883239		-3.456227		-2.267553		-6.509445		155.708557
6.443607		4.913244		1.881455		-3.458074		-2.266332		-6.511518		155.740311
6.446079		4.909554		1.878424		-3.456109		-2.264773		-6.513571		155.799545
6.447139		4.914193		1.875423		-3.455339		-2.262595		-6.514991		155.839890
6.443784		4.915229		1.875297		-3.459125		-2.264680		-6.512352		155.798157
6.446867		4.916116		1.875070		-3.458351		-2.263341		-6.514540		155.775040
6.445288		4.914139		1.876972		-3.459883		-2.265737		-6.513211		155.763840
6.443266		4.917752		1.877048		-3.463100		-2.268290		-6.510529		155.659943
6.442771		4.916565		1.881017		-3.464307		-2.269898		-6.508978		155.590805
6.447738		4.916334		1.877734		-3.460694		-2.267545		-6.512076		155.515396
6.449512		4.919742		1.871963		-3.456901		-2.264007		-6.512296		155.499924
6.451200		4.922125		1.879592		-3.461912		-2.268483		-6.513592		155.634964
6.448655		4.917770		1.877042		-3.458985		-2.267088		-6.512330		155.778015
6.450088		4.921076		1.873206		-3.456808		-2.267719		-6.514369		155.847733
6.442495		4.911549		1.874882		-3.458215		-2.269612		-6.506523		156.012650
6.447590		4.909455		1.872017		-3.452738		-2.264864		-6.508766		156.137726
6.450075		4.914758		1.879092		-3.455101		-2.269856		-6.510754		156.174316
6.453859		4.921992		1.880387		-3.453589		-2.268465		-6.514944		156.132904
6.444435		4.915065		1.881020		-3.452790		-2.270279		-6.508593		156.023529
6.442112		4.911320		1.880139		-3.452311		-2.268046		-6.506146		156.037140
6.441417		4.907633		1.871069		-3.447712		-2.263336		-6.505677		155.964752
6.438303		4.906094		1.872153		-3.450240		-2.262848		-6.501343		156.004028
6.434654		4.902947		1.874320		-3.446204		-2.263867		-6.500097		156.032227
6.437718		4.901499		1.875684		-3.445848		-2.264456		-6.503078		156.109070
6.434179		4.900954		1.877372		-3.450303		-2.267102		-6.500420		156.123734
6.430714		4.895675		1.881011		-3.455409		-2.270288		-6.496434		155.987610
6.432925		4.894398		1.881412		-3.452495		-2.269126		-6.498907		155.771957
6.433608		4.896769		1.884257		-3.452940		-2.269530		-6.498930		155.597473
6.435134		4.894959		1.881343		-3.448692		-2.265757		-6.500189		155.559601
6.434344		4.890949		1.883053		-3.447901		-2.266030		-6.500198		155.542618
6.440656		4.895633		1.887301		-3.452693		-2.269107		-6.502586		155.509216
6.442689		4.897065		1.884846		-3.450849		-2.265495		-6.505334		155.668182
6.444932		4.900404		1.887696		-3.452626		-2.268694		-6.505827		155.811783
6.442233		4.896157		1.889089		-3.455021		-2.272182		-6.502540		155.895554
6.447994		4.896814		1.891420		-3.463309		-2.276475		-6.502768		155.931168
6.450779		4.903244		1.891147		-3.463740		-2.277860		-6.506102		155.880432
6.445437		4.893785		1.891277		-3.462382		-2.276898		-6.501491		155.737213
6.443335		4.894407		1.884888		-3.457657		-2.275573		-6.499155		155.606934
6.447309		4.905668		1.881758		-3.457470		-2.272287		-6.501569		155.494522
6.445516		4.902384		1.885414		-3.456580		-2.273450		-6.497822		155.513763
6.448587		4.906301		1.877669		-3.450068		-2.267200		-6.499138		155.748184
6.448422		4.905896		1.880479		-3.457863		-2.270793		-6.498970		155.812592
6.448047		4.913536		1.875511		-3.458893		-2.268526		-6.501390		155.901535
6.449403		4.912368		1.876888		-3.457710		-2.269518		-6.502484		156.035843
6.447520		4.906057		1.876441		-3.456261		-2.270080		-6.498734		156.133163
6.449655		4.909908		1.877597		-3.460333		-2.271551		-6.499404		156.144470
6.445875		4.905059		1.880607		-3.460159		-2.273565		-6.495975		156.203964
6.446108		4.905490		1.879402		-3.459033		-2.273192		-6.496858		156.212769
6.453585		4.914352		1.875388		-3.457286		-2.271143		-6.501933		156.226242
6.451334		4.912514		1.875193		-3.461306		-2.271955		-6.500379		156.289200
6.443429		4.908466		1.874754		-3.462770		-2.272191		-6.499949		156.383347
6.439970		4.911926		1.877150		-3.465661		-2.274927		-6.498599		156.366669
6.443299		4.914241		1.878121		-3.466687		-2.275198		-6.503008		156.354553
6.439779		4.909725		1.876702		-3.463532		-2.272174		-6.501073		156.141052
6.441357		4.910893		1.876230		-3.461939		-2.272828		-6.499158		155.879227
6.441680		4.913239		1.877165		-3.466155		-2.274493		-6.500709		155.824753
6.442402		4.910385		1.875251		-3.460044		-2.270964		-6.500366		155.750305
6.444998		4.914169		1.876442		-3.458166		-2.271162		-6.503918		155.681076
6.445660		4.915135		1.877882		-3.459078		-2.270685		-6.504345		155.664352
6.446064		4.918620		1.878706		-3.460281		-2.271521		-6.505016		155.680237
6.450796		4.919358		1.872690		-3.454929		-2.267809		-6.507856		155.734604
6.451239		4.920590		1.874247		-3.446577		-2.266084		-6.509461		155.726212
6.453292		4.926419		1.871894		-3.443822		-2.263530		-6.511829		155.814926
6.452874		4.926747		1.868990		-3.441232		-2.261201		-6.511395		156.163071
6.456360		4.928994		1.869616		-3.437455		-2.260337		-6.514420		156.436203
6.448135		4.917882		1.870101		-3.437732		-2.260686		-6.507249		156.561066
6.441761		4.913400		1.868074		-3.436062		-2.259851		-6.499586		156.526413
6.443771		4.917069		1.871805		-3.435682		-2.261544		-6.503742		156.323502
6.443880		4.918276		1.870139		-3.440050		-2.261155		-6.506090		156.054520
6.444850		4.917763		1.874060		-3.438559		-2.261142		-6.508340		155.984940
6.442927		4.920228		1.875176		-3.440513		-2.262088		-6.508624		155.858292
6.441784		4.921331		1.874290		-3.441160		-2.259619		-6.508121		155.775162
6.440685		4.916396		1.876636		-3.446679		-2.262559		-6.506687		155.703354
6.436985		4.914439		1.881093		-3.449910		-2.266987		-6.504469		155.634506
6.431489		4.910938		1.880244		-3.452929		-2.266521		-6.500248		155.562317
6.437132		4.913032		1.881129		-3.456054		-2.267681		-6.504733		155.429504
6.436741		4.914641		1.879194		-3.452886		-2.264303		-6.506288		155.333466
6.441127		4.921003		1.871652		-3.447448		-2.257121		-6.507647		155.446121
6.437817		4.916334		1.871437		-3.447091		-2.256232		-6.505698		155.711136
6.437310		4.913614		1.868771		-3.443981		-2.253185		-6.504940		155.644485
6.446155		4.922409		1.870544		-3.445688		-2.255839		-6.511950		155.632370
6.443788		4.916177		1.873028		-3.444681		-2.258389		-6.509359		155.711670
6.442504		4.914640		1.878213		-3.451652		-2.263851		-6.508275		155.681503
6.443700		4.916503		1.879736		-3.450219		-2.264463		-6.509173		155.586395
6.445291		4.916707		1.879549		-3.452922		-2.264086		-6.510334		155.518036
6.444771		4.915909		1.876267		-3.451774		-2.262457		-6.513129		155.476776
6.449160		4.919482		1.875966		-3.452569		-2.261123		-6.514511		155.410934
6.450511		4.920904		1.875251		-3.451125		-2.260152		-6.516518		155.329773
6.452435		4.917111		1.874792		-3.452337		-2.260106		-6.516548		155.263809
6.452615		4.921727		1.875918		-3.454061		-2.260231		-6.516551		155.175552
6.454477		4.922715		1.871537		-3.455985		-2.259580		-6.516942		155.065735
6.455563		4.920273		1.872346		-3.456990		-2.262320		-6.517485		155.010895
6.453469		4.918606		1.871760		-3.454014		-2.260504		-6.516213		155.029266
6.448451		4.914403		1.873052		-3.458430		-2.260710		-6.511825		155.005615
6.448116		4.910967		1.875692		-3.461542		-2.263698		-6.511703		154.894608
6.451031		4.914452		1.873343		-3.458108		-2.262814		-6.513433		154.821457
6.448993		4.919626		1.875796		-3.457481		-2.264202		-6.513525		154.928329
6.450833		4.917074		1.876908		-3.457600		-2.266698		-6.514261		155.038055
6.455994		4.915276		1.874459		-3.451609		-2.264409		-6.520730		155.214905
6.455322		4.909457		1.877687		-3.454325		-2.268156		-6.518450		155.437271
6.453195		4.909483		1.880385		-3.455646		-2.267881		-6.516405		155.434784
6.454885		4.911456		1.881816		-3.456176		-2.270524		-6.517390		155.461899
6.451496		4.909152		1.881263		-3.456358		-2.271011		-6.514392		155.366135
6.453712		4.910877		1.883412		-3.458578		-2.274284		-6.518213		155.242416
6.457388		4.912839		1.881627		-3.457999		-2.274017		-6.520616		155.155472
6.457215		4.914294		1.884009		-3.459912		-2.273675		-6.522598		155.041733
6.455990		4.907791		1.882421		-3.459932		-2.274288		-6.519522		154.995773
6.460107		4.907462		1.875690		-3.456380		-2.271711		-6.520394		155.009583
6.458608		4.905366		1.873072		-3.459366		-2.270991		-6.516929		154.928772
6.460065		4.903437		1.875888		-3.464570		-2.274089		-6.518652		154.880707
6.461749		4.904670		1.868836		-3.456021		-2.268060		-6.519608		154.814758
6.462269		4.909096		1.870863		-3.459761		-2.270568		-6.518635		154.757324
6.460745		4.912617		1.871547		-3.457247		-2.269306		-6.520227		154.727829
6.460600		4.911036		1.874934		-3.458553		-2.268800		-6.519399		154.797256
6.460229		4.914667		1.875395		-3.456112		-2.268530		-6.518706		154.901520
6.458240		4.911952		1.878813		-3.459486		-2.272549		-6.516428		154.994568
6.456771		4.906974		1.881678		-3.457529		-2.272719		-6.512152		155.152451
6.457195		4.914976		1.881558		-3.456262		-2.271408		-6.513084		155.187027
6.459268		4.917387		1.883005		-3.456729		-2.272483		-6.516729		155.192947
6.459212		4.920716		1.882996		-3.454776		-2.271514		-6.519582		155.221222
6.458317		4.924075		1.888114		-3.458110		-2.273431		-6.518667		155.188278
6.456730		4.922744		1.895269		-3.463635		-2.279126		-6.516193		155.060013
6.462121		4.919579		1.897514		-3.466440		-2.280897		-6.517703		154.997299
6.464900		4.923044		1.896871		-3.471905		-2.281982		-6.518606		155.072235
6.462965		4.918039		1.895469		-3.473667		-2.279460		-6.514917		155.238571
6.463510		4.917697		1.897442		-3.477847		-2.281018		-6.515296		155.350983
6.461403		4.911933		1.896397		-3.470662		-2.278346		-6.515534		155.331253
6.456271		4.911346		1.897039		-3.469635		-2.280307		-6.513235		155.307251
6.462333		4.914895		1.897113		-3.470510		-2.281003		-6.515883		155.254364
6.463081		4.912331		1.896219		-3.467335		-2.279559		-6.515608		155.246872
6.465170		4.915461		1.897779		-3.468554		-2.281955		-6.517903		155.339249
6.459631		4.913877		1.890994		-3.464977		-2.276215		-6.511380		155.617981
6.467000		4.913320		1.892731		-3.465779		-2.277460		-6.515043		155.814545
6.462990		4.909442		1.889629		-3.464485		-2.277755		-6.512703		155.981293
6.461205		4.910270		1.888328		-3.463560		-2.277195		-6.511374		156.072876
6.461175		4.911739		1.886474		-3.464313		-2.275876		-6.511547		155.973450
6.455476		4.913826		1.884409		-3.465188		-2.275284		-6.513310		155.798782
6.452582		4.917757		1.884242		-3.468440		-2.277246		-6.513441		155.701935
6.454191		4.920385		1.884876		-3.470634		-2.275545		-6.516776		155.583328
6.444085		4.910495		1.888218		-3.473090		-2.279021		-6.509456		155.509537
6.446738		4.912773		1.888904		-3.471020		-2.279064		-6.509466		155.441299
6.449762		4.916040		1.891415		-3.474895		-2.282068		-6.511021		155.394379
6.451461		4.911718		1.891879		-3.468814		-2.282573		-6.510932		155.351807
6.453785		4.914592		1.892540		-3.468808		-2.282598		-6.512768		155.395676
6.451939		4.918346		1.886007		-3.459926		-2.276459		-6.513890		155.477066
6.452686		4.918217		1.882097		-3.455746		-2.274430		-6.515314		155.518051
6.457816		4.922200		1.890331		-3.461397		-2.281210		-6.518881		155.386902
6.456336		4.921708		1.895096		-3.462574		-2.284251		-6.515754		155.298843
6.452424		4.924381		1.887865		-3.457772		-2.278850		-6.514060		155.245789
6.457087		4.922122		1.891263		-3.463503		-2.284392		-6.517784		155.196854
6.457367		4.920627		1.889400		-3.461497		-2.283307		-6.517822		155.249207
6.461230		4.925148		1.888913		-3.469210		-2.285889		-6.519037		155.297516
6.458106		4.917545		1.892645		-3.470566		-2.289978		-6.516739		155.273666
6.461449		4.916894		1.887862		-3.465297		-2.283674		-6.521156		155.258102
6.459634		4.917618		1.890302		-3.472462		-2.286249		-6.518086		155.270142
6.461669		4.917718		1.885737		-3.469749		-2.282665		-6.520723		155.365585
6.462470		4.917062		1.879896		-3.467384		-2.280579		-6.520634		155.424103
6.464055		4.922989		1.877808		-3.464460		-2.278577		-6.520697		155.469604
6.464837		4.924865		1.875547		-3.463003		-2.274992		-6.521852		155.569931
6.467520		4.922114		1.875465		-3.462339		-2.275167		-6.521591		155.792450
6.467847		4.927363		1.879356		-3.464813		-2.275000		-6.523702		155.885025
6.467428		4.930628		1.875640		-3.459466		-2.271910		-6.525316		155.868042
6.467195		4.927953		1.876510		-3.459136		-2.273401		-6.521948		155.771210
6.463301		4.924186		1.879390		-3.456263		-2.273933		-6.521588		155.605301
6.465225		4.926527		1.878033		-3.454156		-2.270557		-6.522223		155.569382
6.468348		4.929153		1.880043		-3.461933		-2.274202		-6.523361		155.498901
6.471648		4.926195		1.877547		-3.460412		-2.271732		-6.526646		155.408432
6.471473		4.926985		1.879293		-3.458755		-2.274332		-6.526197		155.442795
6.473182		4.928399		1.881201		-3.457434		-2.275450		-6.527475		155.429962
6.478122		4.932010		1.884875		-3.458671		-2.278450		-6.531834		155.589905
6.482544		4.933905		1.885618		-3.456436		-2.276647		-6.534861		155.752167
6.483297		4.938186		1.888327		-3.460121		-2.278126		-6.534295		155.947006
6.485101		4.942607		1.889171		-3.463300		-2.279426		-6.537763		156.103485
6.482864		4.937649		1.887246		-3.463928		-2.279283		-6.535738		156.262787
6.483570		4.939881		1.883940		-3.464820		-2.278805		-6.537538		156.181885
6.479066		4.934192		1.881452		-3.462090		-2.276957		-6.535285		156.002808
6.478549		4.931581		1.878695		-3.458611		-2.276659		-6.534232		155.846893
6.476865		4.933632		1.875994		-3.459079		-2.274802		-6.531671		155.697937
6.481923		4.939058		1.871276		-3.458919		-2.273339		-6.534935		155.540070
6.477087		4.931268		1.873641		-3.461221		-2.276522		-6.532140		155.319855
6.474904		4.933082		1.872276		-3.461800		-2.274958		-6.530139		155.327713
6.475548		4.933448		1.868562		-3.459022		-2.270540		-6.530237		155.468491
6.474961		4.926149		1.872486		-3.460831		-2.273260		-6.527263		155.673965
6.469634		4.923745		1.874749		-3.458429		-2.271300		-6.521304		155.807190
6.466078		4.918440		1.879281		-3.462080		-2.274385		-6.516381		155.830826
6.470201		4.920093		1.881464		-3.465259		-2.278186		-6.519466		155.783661
6.469977		4.920600		1.887423		-3.463743		-2.280606		-6.518137		155.804626
6.469228		4.928293		1.886596		-3.460118		-2.276440		-6.519109		155.850922
6.472770		4.927573		1.885099		-3.458720		-2.274801		-6.521921		155.921967
6.474808		4.932876		1.888493		-3.456145		-2.275785		-6.523285		155.967560
6.475264		4.930386		1.888071		-3.455568		-2.275881		-6.521764		155.965439
6.472562		4.930453		1.891175		-3.453851		-2.274921		-6.523316		155.962097
6.471587		4.930226		1.889727		-3.452186		-2.276229		-6.520955		155.918060
6.465621		4.925564		1.890621		-3.449575		-2.273787		-6.517099		155.866089
6.463959		4.926213		1.891989		-3.451820		-2.274636		-6.513478		155.835892
6.463592		4.925825		1.893967		-3.455022		-2.277530		-6.516804		155.795364
6.459325		4.919107		1.896059		-3.457264		-2.279396		-6.512593		155.747772
6.459567		4.921152		1.894966		-3.459050		-2.278378		-6.513986		155.653870
6.461424		4.926487		1.894329		-3.459490		-2.278934		-6.513482		155.570297
6.463111		4.927236		1.894030		-3.463504		-2.280015		-6.515100		155.527832
6.459329		4.924439		1.891632		-3.460218		-2.279261		-6.512418		155.549759
6.465803		4.929921		1.885579		-3.456109		-2.276405		-6.518192		155.330826
6.465680		4.936488		1.887034		-3.457720		-2.278095		-6.520987		155.193436
6.463511		4.933444		1.881784		-3.454271		-2.274964		-6.520529		155.198380
6.460223		4.935022		1.883478		-3.454093		-2.275039		-6.520237		155.226364
6.461770		4.934574		1.885763		-3.458136		-2.275939		-6.521568		155.178391
6.465027		4.938484		1.881202		-3.454949		-2.273699		-6.524739		155.189590
6.466457		4.937668		1.879806		-3.454874		-2.274781		-6.526135		155.041382
6.468380		4.939054		1.880651		-3.453751		-2.273311		-6.529000		154.907272
6.464666		4.938295		1.875802		-3.450611		-2.268825		-6.525406		154.690186
6.462906		4.934093		1.878983		-3.453108		-2.271913		-6.524503		154.540466
6.461606		4.932178		1.878597		-3.453177		-2.270894		-6.524162		154.390381
6.457001		4.927334		1.880583		-3.452630		-2.271912		-6.518696		154.430023
6.458077		4.927522		1.881052		-3.455679		-2.271614		-6.521794		154.393372
6.461237		4.930153		1.880427		-3.450359		-2.270610		-6.523958		154.301987
6.463965		4.928582		1.879397		-3.446886		-2.268623		-6.525739		154.293304
6.463202		4.927018		1.884559		-3.448799		-2.273903		-6.522284		154.520203
6.460781		4.930533		1.880259		-3.446679		-2.271947		-6.522668		154.596436
6.462396		4.929235		1.880857		-3.447076		-2.272391		-6.524050		154.672470
6.463106		4.931768		1.879866		-3.449684		-2.274814		-6.523733		154.694534
6.465119		4.930992		1.882900		-3.454859		-2.278780		-6.523368		154.631760
6.470531		4.929936		1.880557		-3.456465		-2.278588		-6.525275		154.504837
6.468870		4.926946		1.886398		-3.459884		-2.281356		-6.524320		154.368866
6.469839		4.931672		1.883710		-3.458226		-2.279695		-6.524872		154.331207
6.462161		4.921484		1.885510		-3.464184		-2.281853		-6.517204		154.389328
6.457208		4.916100		1.887067		-3.462406		-2.282120		-6.514566		154.429520
6.457741		4.922175		1.889192		-3.469233		-2.285562		-6.514382		154.465256
6.458000		4.922551		1.884766		-3.464232		-2.282277		-6.517016		154.437744
6.457132		4.917420		1.891025		-3.466812		-2.287077		-6.514668		154.460632
6.454239		4.918122		1.890488		-3.469740		-2.288048		-6.512080		154.496445
6.452214		4.916009		1.891826		-3.472447		-2.290387		-6.510630		154.514053
6.456533		4.916503		1.891521		-3.472031		-2.292646		-6.514986		154.584732
6.454999		4.918827		1.888416		-3.471210		-2.289486		-6.515878		154.618011
6.454952		4.921454		1.890242		-3.474528		-2.288745		-6.517138		154.494385
6.455987		4.922790		1.884621		-3.466793		-2.284604		-6.517922		154.444504
6.454287		4.918892		1.885200		-3.467925		-2.286311		-6.513948		154.409012
6.456502		4.919834		1.884968		-3.464799		-2.287693		-6.515508		154.317368
6.462283		4.925974		1.884782		-3.465227		-2.286620		-6.520455		154.507004
6.463796		4.925284		1.879718		-3.463845		-2.284745		-6.524086		154.697540
6.464083		4.928076		1.880279		-3.465838		-2.285426		-6.525973		154.910889
6.465003		4.933382		1.874208		-3.460973		-2.280223		-6.526650		154.997299
6.464562		4.935081		1.874466		-3.461379		-2.279611		-6.527840		155.068802
6.457524		4.929596		1.880651		-3.467731		-2.283933		-6.522734		155.068054
6.457303		4.931971		1.876749		-3.465615		-2.279334		-6.524331		155.098480
6.458858		4.929934		1.873507		-3.464848		-2.275475		-6.523604		154.822128
6.463316		4.932292		1.877672		-3.462478		-2.276062		-6.528715		154.662628
6.469010		4.938122		1.873422		-3.461413		-2.271956		-6.530754		154.689209
6.468939		4.938895		1.877593		-3.459925		-2.272693		-6.532158		154.747772
6.470395		4.935488		1.876601		-3.459320		-2.270712		-6.530851		154.843262
6.466735		4.927261		1.876216		-3.461335		-2.272731		-6.527093		154.826553
6.466066		4.925081		1.876766		-3.461184		-2.272828		-6.523833		154.903671
6.463479		4.920788		1.882351		-3.465915		-2.275776		-6.522573		155.129822
6.462125		4.922019		1.879901		-3.458384		-2.273659		-6.523826		155.278290
6.463785		4.922097		1.875330		-3.450745		-2.269424		-6.521819		155.471939
6.462214		4.923935		1.877268		-3.453914		-2.271181		-6.519491		155.532043
6.463586		4.919999		1.876140		-3.450149		-2.269062		-6.519580		155.546555
6.465126		4.920299		1.882086		-3.453528		-2.272800		-6.518648		155.507217
6.471029		4.923177		1.883107		-3.453056		-2.272641		-6.521756		155.420547
6.467668		4.913020		1.880049		-3.452442		-2.270161		-6.518318		155.274826
6.473784		4.916740		1.882220		-3.456837		-2.271133		-6.522117		154.946930
6.476510		4.925755		1.882450		-3.459956		-2.272925		-6.524891		154.721863
6.472120		4.921260		1.878249		-3.454775		-2.268214		-6.520679		154.492050
6.474110		4.925804		1.875420		-3.452718		-2.268973		-6.524108		154.466934
6.477466		4.929405		1.870056		-3.452257		-2.265817		-6.524494		154.496689
6.472534		4.925623		1.869929		-3.452778		-2.265661		-6.523046		154.728271
6.473714		4.923534		1.868835		-3.452532		-2.265650		-6.522896		154.797974
6.478222		4.930827		1.878707		-3.460506		-2.272854		-6.526253		154.951385
6.475735		4.932019		1.879713		-3.458264		-2.272846		-6.528162		155.011292
6.472050		4.926583		1.882970		-3.455795		-2.274493		-6.527856		155.013046
6.468119		4.926894		1.879688		-3.454601		-2.272379		-6.524343		154.887497
6.469574		4.929977		1.878090		-3.457421		-2.272958		-6.527210		154.870865
6.470957		4.924866		1.878905		-3.462220		-2.275460		-6.527633		154.872543
6.472955		4.929457		1.879216		-3.460751		-2.277860		-6.528514		154.921844
6.468257		4.930805		1.881277		-3.459944		-2.277870		-6.527183		154.905823
6.466520		4.932496		1.877601		-3.462057		-2.276291		-6.524515		154.969025
6.465594		4.925341		1.879560		-3.463237		-2.280299		-6.523682		155.054260
6.464546		4.925444		1.876898		-3.459985		-2.278747		-6.524804		155.024078
6.461805		4.925501		1.882878		-3.462045		-2.281585		-6.522561		155.000122
6.463408		4.922412		1.888821		-3.464540		-2.282574		-6.522393		155.045685
6.465626		4.922879		1.891369		-3.464925		-2.284171		-6.523751		155.048828
6.467303		4.928715		1.890247		-3.465039		-2.282705		-6.525795		155.227951
6.467656		4.927760		1.890641		-3.464165		-2.283599		-6.526534		155.404160
6.463390		4.926721		1.887342		-3.459275		-2.278616		-6.524936		155.504776
6.463121		4.923064		1.886295		-3.459525		-2.278311		-6.520438		155.528046
6.461210		4.921856		1.887296		-3.460611		-2.280372		-6.517180		155.620514
6.459532		4.924730		1.892395		-3.469697		-2.287406		-6.517278		155.667587
6.464193		4.924420		1.890365		-3.465946		-2.284474		-6.520152		155.733170
6.466267		4.927307		1.891098		-3.465432		-2.284323		-6.519688		155.725998
6.467584		4.928971		1.883209		-3.460601		-2.276701		-6.520754		155.689545
6.465173		4.923612		1.885044		-3.466227		-2.281089		-6.519262		155.703384
6.461961		4.925339		1.884232		-3.466015		-2.280575		-6.518478		155.762115
6.464234		4.932946		1.884442		-3.471235		-2.280743		-6.520788		155.814819
6.464398		4.928933		1.892136		-3.473587		-2.286325		-6.524019		155.816406
6.465002		4.931136		1.889060		-3.470083		-2.283696		-6.524341		155.900223
6.465550		4.935744		1.891244		-3.467644		-2.284318		-6.525862		155.983414
6.460773		4.928304		1.883712		-3.463129		-2.280176		-6.522028		156.055969
6.462348		4.928206		1.883027		-3.463450		-2.281018		-6.523007		155.874222
6.464933		4.933766		1.883570		-3.470039		-2.283652		-6.527244		155.738693
6.460832		4.925744		1.887795		-3.470775		-2.285113		-6.523934		155.543564
6.464055		4.928302		1.889192		-3.474107		-2.287562		-6.528318		155.450699
6.466977		4.936929		1.889653		-3.476313		-2.289536		-6.531870		155.410934
6.469834		4.936903		1.884838		-3.473595		-2.286216		-6.533087		155.333359
6.465388		4.930332		1.883370		-3.472645		-2.285643		-6.529513		155.429932
6.462535		4.929696		1.880170		-3.462883		-2.280730		-6.528497		155.527054
6.460867		4.928966		1.879584		-3.462680		-2.280143		-6.525143		155.570953
6.454218		4.920522		1.878066		-3.463433		-2.279783		-6.517580		155.641113
6.455669		4.919277		1.875296		-3.460107		-2.277078		-6.519862		155.707108
6.458252		4.920721		1.874358		-3.460860		-2.277877		-6.520329		155.792816
6.458332		4.925716		1.876741		-3.462583		-2.278475		-6.518412		155.735550
6.457618		4.923635		1.876239		-3.462735		-2.279895		-6.517936		155.690826
6.460055		4.926843		1.872145		-3.459564		-2.276701		-6.519645		155.576385
6.462339		4.930105		1.873017		-3.462960		-2.277871		-6.519867		155.454834
6.458928		4.922194		1.870362		-3.462145		-2.277919		-6.517496		155.532211
6.455790		4.918692		1.873683		-3.463019		-2.281068		-6.514546		155.616425
6.457306		4.924512		1.867946		-3.458028		-2.275779		-6.516579		155.648895
6.452777		4.921776		1.870817		-3.456369		-2.275425		-6.514431		155.632065
6.450896		4.918795		1.871033		-3.455286		-2.275187		-6.515769		155.684311
6.448805		4.920835		1.870737		-3.458202		-2.274250		-6.514760		155.679062
6.447123		4.920353		1.870705		-3.457678		-2.273877		-6.513447		155.658707
6.451971		4.921229		1.873796		-3.460063		-2.277003		-6.517951		155.720062
6.453110		4.924043		1.872083		-3.460923		-2.276169		-6.518236		155.742477
6.448846		4.920860		1.879169		-3.463620		-2.278752		-6.515467		155.723480
6.446386		4.916919		1.878623		-3.460725		-2.277695		-6.514337		155.653061
6.445597		4.911502		1.878111		-3.463996		-2.276847		-6.513294		155.663666
6.443927		4.912927		1.877101		-3.464268		-2.276897		-6.512027		155.639282
6.439678		4.917538		1.876052		-3.464002		-2.276184		-6.510529		155.606720
6.439705		4.914652		1.874433		-3.460608		-2.274225		-6.510922		155.524673
6.438892		4.914534		1.872682		-3.457478		-2.269609		-6.509048		155.435135
6.439699		4.918158		1.874507		-3.461769		-2.269744		-6.509797		155.549728
6.438781		4.910843		1.875100		-3.459100		-2.268684		-6.507527		155.594986
6.441829		4.912986		1.873236		-3.457529		-2.267843		-6.509359		155.501846
6.439383		4.912919		1.871822		-3.461326		-2.268575		-6.508124		155.326218
6.440481		4.909393		1.874643		-3.464677		-2.272495		-6.506079		155.267838
6.442059		4.909993		1.876111		-3.469056		-2.275573		-6.506558		155.386978
6.442118		4.913363		1.881669		-3.473036		-2.278826		-6.506485		155.386002
6.443533		4.916002		1.882241		-3.473720		-2.279388		-6.510871		155.440002
6.447812		4.922205		1.882274		-3.476656		-2.280487		-6.515388		155.503906
6.449329		4.921723		1.885583		-3.476334		-2.281131		-6.514579		155.578323
6.451689		4.926914		1.883512		-3.475679		-2.279038		-6.516983		155.606354
6.454020		4.922431		1.879590		-3.470392		-2.276875		-6.515641		155.593292
6.453778		4.921173		1.881977		-3.472369		-2.278974		-6.513726		155.444046
6.452967		4.923553		1.885122		-3.474742		-2.281897		-6.514207		155.346603
6.454750		4.919376		1.890944		-3.473570		-2.283375		-6.514327		155.324463
6.455166		4.920715		1.890709		-3.476348		-2.285195		-6.516249		155.200348
6.459647		4.927328		1.883721		-3.471846		-2.280619		-6.520818		155.138992
6.457534		4.929210		1.878382		-3.467976		-2.274572		-6.519166		155.210419
6.454759		4.922803		1.877869		-3.461651		-2.273656		-6.515324		155.302353
6.457240		4.926436		1.875532		-3.455762		-2.271684		-6.517812		155.444839
6.458934		4.930589		1.871797		-3.455101		-2.268305		-6.520118		155.573700
6.460645		4.925224		1.871547		-3.455764		-2.270078		-6.519015		155.661484
6.456441		4.917339		1.868851		-3.451853		-2.268409		-6.514988		155.534973
6.460919		4.921801		1.873822		-3.455956		-2.273395		-6.517491		155.402985
6.463848		4.921234		1.874471		-3.458782		-2.275561		-6.517989		155.276352
6.456675		4.914981		1.875346		-3.459255		-2.278722		-6.515404		155.124619
6.451738		4.915170		1.871520		-3.451959		-2.275403		-6.514006		154.931763
6.450877		4.914842		1.871748		-3.453802		-2.275858		-6.515670		154.817078
6.446908		4.911989		1.869830		-3.448781		-2.272473		-6.515396		154.720825
6.450637		4.917943		1.876474		-3.456086		-2.279002		-6.516223		154.620773
6.449218		4.919226		1.876252		-3.462305		-2.282963		-6.511359		154.587555
6.454610		4.925339		1.876401		-3.467193		-2.283993		-6.517123		154.554047
6.452308		4.921827		1.881288		-3.469596		-2.287216		-6.514231		154.454498
6.450066		4.923640		1.882048		-3.465583		-2.286732		-6.514525		154.527145
6.450396		4.924361		1.885165		-3.471080		-2.290803		-6.514731		154.498627
6.446451		4.916080		1.885767		-3.470337		-2.291069		-6.510540		154.599564
6.449189		4.923993		1.886480		-3.468031		-2.292937		-6.513551		154.606049
6.453244		4.927474		1.877355		-3.461490		-2.286344		-6.517642		154.550446
6.454487		4.931059		1.873936		-3.457091		-2.281168		-6.517532		154.535858
6.452084		4.928347		1.874562		-3.456521		-2.280786		-6.515192		154.726044
6.451422		4.927448		1.871928		-3.455089		-2.277817		-6.514284		154.835648
6.455143		4.927174		1.868466		-3.452185		-2.275362		-6.517744		154.936523
6.456948		4.931376		1.874325		-3.460427		-2.281497		-6.519899		154.964554
6.462491		4.934341		1.874152		-3.455254		-2.280023		-6.524740		154.948502
6.463360		4.928313		1.871567		-3.450271		-2.277348		-6.522821		154.974457
6.464404		4.929808		1.865775		-3.446639		-2.273815		-6.522470		155.019669
6.462884		4.930903		1.865562		-3.444702		-2.270256		-6.522182		155.090332
6.457150		4.926506		1.868652		-3.447926		-2.273620		-6.517420		155.225037
6.456486		4.921743		1.871852		-3.447361		-2.275755		-6.515973		155.337753
6.454654		4.919684		1.873802		-3.446792		-2.276332		-6.515695		155.330811
6.453310		4.922336		1.873252		-3.445911		-2.273689		-6.514915		155.286545
6.455311		4.922660		1.871170		-3.445405		-2.274602		-6.517040		155.237259
6.459860		4.922770		1.873670		-3.445934		-2.274470		-6.517002		155.208939
6.456224		4.925905		1.875663		-3.449675		-2.277468		-6.515098		155.197693
6.455183		4.922425		1.872540		-3.446562		-2.274454		-6.513762		155.226074
6.450020		4.920074		1.876449		-3.451652		-2.279055		-6.509408		155.312363
6.455669		4.921088		1.878451		-3.454662		-2.279088		-6.513274		155.373535
6.460051		4.925467		1.880063		-3.454903		-2.282180		-6.515592		155.515060
6.459819		4.925687		1.882261		-3.459279		-2.284069		-6.516517		155.658768
6.451558		4.918105		1.882605		-3.461960		-2.287216		-6.511347		155.765228
6.451631		4.921472		1.882626		-3.461464		-2.288004		-6.512148		155.786819
6.447432		4.923351		1.882484		-3.459291		-2.287124		-6.511513		155.731354
6.449416		4.921626		1.876819		-3.454835		-2.283090		-6.512204		155.785065
6.446895		4.916213		1.885652		-3.460726		-2.289143		-6.508423		155.585663
6.449413		4.923684		1.887536		-3.462317		-2.290386		-6.511599		155.350296
6.447468		4.923724		1.884440		-3.461266		-2.286536		-6.511302		155.262131
6.446788		4.919912		1.884718		-3.458670		-2.285427		-6.508396		155.302719
6.444355		4.921411		1.882135		-3.458780		-2.283067		-6.507102		155.198639
6.441260		4.919767		1.881760		-3.460885		-2.284887		-6.505916		155.252213
6.440114		4.919680		1.884674		-3.462501		-2.284374		-6.506427		155.352417
6.444619		4.925486		1.880589		-3.458751		-2.279161		-6.509979		155.408157
6.447089		4.930920		1.875842		-3.454053		-2.276550		-6.513367		155.412506
6.450601		4.929273		1.873024		-3.453248		-2.275508		-6.514441		155.441055
6.449219		4.930115		1.868109		-3.451765		-2.273347		-6.513978		155.409500
6.446533		4.930509		1.869664		-3.454692		-2.274568		-6.511647		155.443924
6.446184		4.928540		1.871812		-3.457935		-2.277941		-6.511648		155.500534
6.446187		4.921436		1.873820		-3.457367		-2.278714		-6.512060		155.660202
6.444514		4.919917		1.873011		-3.455185		-2.278773		-6.507771		155.709152
6.440417		4.915875		1.873069		-3.455153		-2.278901		-6.505274		155.614746
6.444585		4.922613		1.871206		-3.455945		-2.277654		-6.509787		155.478806
6.445671		4.920164		1.875100		-3.453815		-2.280147		-6.512076		155.395065
6.445525		4.924624		1.872607		-3.452740		-2.276624		-6.514548		155.473495
6.442464		4.924096		1.873872		-3.452630		-2.279434		-6.515059		155.576691
6.440922		4.925549		1.871580		-3.447299		-2.276165		-6.517841		155.746918
6.437461		4.925237		1.877225		-3.449375		-2.278376		-6.515341		155.784119
6.439471		4.928621		1.882930		-3.456481		-2.283523		-6.514873		155.823853
6.439849		4.926724		1.882903		-3.458221		-2.283336		-6.515120		155.776352
6.438813		4.921879		1.883600		-3.461409		-2.285418		-6.512421		155.681641
6.440532		4.928162		1.878271		-3.461329		-2.282707		-6.512565		155.693207
6.436591		4.924845		1.882937		-3.467885		-2.285975		-6.510904		155.530609
6.434984		4.923895		1.883057		-3.466949		-2.286325		-6.510906		155.362808
6.434696		4.919805		1.884920		-3.469899		-2.288408		-6.509909		155.374954
6.436244		4.924295		1.883271		-3.470510		-2.287973		-6.512730		155.257065
6.434034		4.920323		1.888070		-3.476515		-2.291118		-6.509424		155.090714
6.434957		4.920591		1.887460		-3.476726		-2.288993		-6.510105		155.027512
6.436793		4.925369		1.890719		-3.474046		-2.286478		-6.510993		155.097153
6.439535		4.925218		1.890964		-3.471953		-2.286489		-6.511068		155.127029
6.438408		4.923346		1.896611		-3.476103		-2.290608		-6.510382		155.258789
6.439710		4.920913		1.892114		-3.473929		-2.288941		-6.509674		155.446152
6.438626		4.926487		1.895809		-3.474647		-2.292063		-6.511354		155.482147
6.440055		4.927004		1.896919		-3.475027		-2.291366		-6.512573		155.421265
6.437415		4.919056		1.896335		-3.474630		-2.289331		-6.509503		155.387695
6.443176		4.922002		1.899299		-3.475204		-2.292474		-6.511304		155.301941
6.439707		4.923300		1.900707		-3.479202		-2.294768		-6.508809		155.214279
6.434537		4.917766		1.903500		-3.475376		-2.294059		-6.505146		155.060715
6.437362		4.917904		1.901040		-3.476663		-2.292427		-6.506916		155.019989
6.438404		4.923527		1.897570		-3.472148		-2.290090		-6.508337		155.076721
6.434751		4.916320		1.896519		-3.468596		-2.286486		-6.504117		155.234436
6.437108		4.917492		1.893727		-3.466698		-2.285562		-6.507116		155.312744
6.436375		4.923945		1.894300		-3.468929		-2.287460		-6.505916		155.344345
6.436639		4.920591		1.894006		-3.470423		-2.289009		-6.504015		155.352249
6.440119		4.918525		1.894983		-3.465581		-2.288694		-6.505502		155.436356
6.443419		4.919660		1.888424		-3.459912		-2.284610		-6.505963		155.440887
6.439316		4.919912		1.890562		-3.465106		-2.284585		-6.503298		155.317062
6.444158		4.922718		1.886995		-3.465420		-2.281450		-6.505651		155.358948
6.442449		4.916747		1.890107		-3.465588		-2.282222		-6.502954		155.479370
6.441088		4.919634		1.890011		-3.466923		-2.282322		-6.502722		155.499191
6.445805		4.923086		1.893498		-3.472960		-2.285126		-6.506383		155.564941
6.443020		4.914125		1.894080		-3.470309		-2.284478		-6.502241		155.700592
6.441737		4.916583		1.893015		-3.467538		-2.282464		-6.503392		155.858719
6.441751		4.919234		1.891533		-3.472387		-2.282781		-6.502485		155.748032
6.444553		4.913632		1.893860		-3.473737		-2.287318		-6.502491		155.639633
6.446374		4.916138		1.891007		-3.471105		-2.283934		-6.506915		155.436890
6.445362		4.911800		1.886100		-3.469883		-2.283327		-6.503061		155.374710
6.445605		4.911507		1.889375		-3.470494		-2.285922		-6.505490		155.305313
6.442679		4.904718		1.891766		-3.470642		-2.287094		-6.501931		155.184265
6.442701		4.907961		1.887005		-3.466665		-2.282809		-6.502681		155.063675
6.438781		4.901288		1.882255		-3.462062		-2.280227		-6.498059		154.934052
6.436158		4.896705		1.882676		-3.463665		-2.280738		-6.497732		154.836975
6.441896		4.907679		1.879467		-3.463909		-2.276963		-6.502166		154.627258
6.445200		4.906224		1.876312		-3.464983		-2.275637		-6.503451		154.543945
6.453235		4.909110		1.877641		-3.465422		-2.276846		-6.509603		154.531342
6.454293		4.914063		1.872955		-3.457681		-2.271263		-6.508575		154.565994
6.449439		4.910797		1.878226		-3.460774		-2.274034		-6.505394		154.551437
6.454674		4.920611		1.884267		-3.466433		-2.279285		-6.512582		154.604996
6.456732		4.919360		1.891735		-3.470060		-2.282065		-6.514950		154.726700
6.457093		4.919205		1.890819		-3.469495		-2.281943		-6.513558		154.713989
6.456246		4.920527		1.890225		-3.468164		-2.281808		-6.511272		154.776550
6.459695		4.917799		1.891161		-3.465808		-2.281051		-6.510561		154.818573
6.453547		4.917533		1.892819		-3.471258		-2.285721		-6.508650		154.938995
6.454039		4.922350		1.890156		-3.474277		-2.284789		-6.509901		154.895935
6.454311		4.924463		1.895511		-3.480417		-2.289119		-6.512127		154.762253
6.454918		4.917882		1.899986		-3.483703		-2.294211		-6.512210		154.673752
6.449970		4.924112		1.896010		-3.477859		-2.291400		-6.514317		154.564728
6.446540		4.919424		1.898109		-3.478105		-2.292867		-6.510314		154.498108
6.440353		4.911580		1.899889		-3.476011		-2.293078		-6.506377		154.510010
6.446355		4.916496		1.896063		-3.471290		-2.290235		-6.509605		154.530472
6.442246		4.915797		1.898370		-3.476697		-2.293400		-6.509977		154.442398
6.444427		4.913215		1.903513		-3.480866		-2.296808		-6.509759		154.364197
6.440136		4.907151		1.905169		-3.480712		-2.297795		-6.506160		154.441864
6.437818		4.906045		1.902969		-3.477735		-2.295081		-6.503498		154.485275
6.437269		4.903105		1.898383		-3.473460		-2.289643		-6.500150		154.426025
6.435090		4.904745		1.900068		-3.477367		-2.292955		-6.498618		154.471939
6.434917		4.901118		1.894146		-3.476193		-2.289995		-6.498868		154.846588
6.441288		4.906697		1.888651		-3.474094		-2.284782		-6.504391		155.004990
6.442401		4.905719		1.884522		-3.475207		-2.285114		-6.504580		155.023895
6.439569		4.906533		1.879261		-3.476845		-2.282760		-6.502782		155.029526
6.442674		4.906049		1.880365		-3.477664		-2.282420		-6.502432		154.933075
6.447351		4.909957		1.883474		-3.478694		-2.284091		-6.507204		154.824997
6.445821		4.912397		1.885855		-3.479006		-2.285415		-6.508155		154.696320
6.445419		4.913542		1.888192		-3.478208		-2.286623		-6.510693		154.584610
6.448455		4.914191		1.888599		-3.472922		-2.285095		-6.513361		154.498184
6.452967		4.918441		1.888204		-3.470719		-2.283764		-6.517631		154.402679
6.456311		4.922943		1.892473		-3.473367		-2.284787		-6.521828		154.325577
6.459140		4.923844		1.896582		-3.474318		-2.287461		-6.524261		154.295059
6.459876		4.924345		1.899202		-3.476860		-2.290915		-6.522550		154.455933
6.460207		4.925467		1.902584		-3.478762		-2.292864		-6.522182		154.532715
6.451964		4.918921		1.896301		-3.474751		-2.287242		-6.517304		154.531906
6.451072		4.922837		1.891531		-3.473945		-2.285687		-6.516921		154.636841
6.448938		4.927795		1.888855		-3.471566		-2.284220		-6.516256		154.614685
6.447329		4.921949		1.893205		-3.472635		-2.286961		-6.516451		154.654327
6.448199		4.924769		1.892607		-3.471568		-2.285568		-6.514803		154.654251
6.443808		4.919393		1.893014		-3.474936		-2.287017		-6.509833		154.480225
6.440691		4.920396		1.890650		-3.475774		-2.286280		-6.506517		154.450943
6.440160		4.915782		1.889917		-3.479180		-2.287910		-6.505841		154.655762
6.438256		4.912245		1.889874		-3.481530		-2.290180		-6.503391		154.759033
6.438666		4.914127		1.887851		-3.480401		-2.288830		-6.503225		154.744263
6.442336		4.918042		1.893816		-3.483548		-2.291587		-6.506834		154.682968
6.442795		4.917672		1.894137		-3.481218		-2.290515		-6.507580		154.639297
6.442215		4.919027		1.895451		-3.479603		-2.289196		-6.507429		154.751343
6.444466		4.921518		1.894939		-3.477030		-2.287896		-6.508658		154.845245
6.448418		4.921585		1.901064		-3.479825		-2.292502		-6.511649		154.915329
6.452549		4.926177		1.901360		-3.478360		-2.290362		-6.513558		155.058136
6.456787		4.930358		1.900200		-3.474477		-2.288289		-6.515015		155.214279
6.457936		4.926087		1.901099		-3.477734		-2.289685		-6.516683		155.342697
6.458417		4.919793		1.900064		-3.473688		-2.289127		-6.515117		155.310287
6.456971		4.920029		1.899918		-3.474866		-2.288041		-6.513938		155.363205
6.456025		4.917875		1.901742		-3.478855		-2.290251		-6.511757		155.485580
6.454864		4.919806		1.907955		-3.477970		-2.294549		-6.513864		155.477600
6.459202		4.919307		1.907736		-3.476313		-2.292500		-6.514869		155.429276
6.459332		4.915742		1.908260		-3.475048		-2.294408		-6.513602		155.359406
6.465220		4.926846		1.904744		-3.474623		-2.293550		-6.519302		155.330841
6.464383		4.926767		1.903490		-3.473973		-2.292658		-6.518715		155.301651
6.459888		4.923386		1.901983		-3.473056		-2.290461		-6.514614		155.326324
6.460766		4.923631		1.902033		-3.471812		-2.290801		-6.517260		155.478561
6.464214		4.930219		1.896420		-3.467626		-2.285902		-6.521017		155.589264
6.463628		4.930488		1.888600		-3.466304		-2.282830		-6.520482		155.457596
6.464828		4.925720		1.885314		-3.462396		-2.278472		-6.519647		155.299438
6.467313		4.932616		1.884008		-3.462413		-2.277925		-6.524000		155.253464
6.466154		4.931044		1.884392		-3.464388		-2.277354		-6.522782		155.148468
6.463830		4.928758		1.886863		-3.461268		-2.278570		-6.522377		155.097031
6.461766		4.930611		1.887631		-3.463240		-2.280617		-6.523881		155.097321
