Flexao_Direita		Flexao_Esquerda		Torcao_Direita		Torcao_Esquerda		Roll			Pitch			Yaw			Latitude		epy			Longitude		epx			Altitude		epv			Velocidade_Terreste		eps			Velocidade_Subida	epc
213		2.243879		-2.701695		0.000000		0.000000		0.000000		0.000000		0.000000		0.000000		0.000000		0.000000		0.000000		0.000000		0.000000		0.000000		0.000000
0.318186		-0.211462		2.091176		-2.516113		0.000000		0.000000		0.000000		0.000000		0.000000		0.000000		0.000000		0.000000		0.000000		0.000000		0.000000		0.000000		0.000000
0.422665		0.091019		2.273237		-2.165594		0.000000		0.000000		0.000000		0.000000		0.000000		0.000000		0.000000		0.000000		0.000000		0.000000		0.000000		0.000000		0.000000
3.994000		4.583745		1.442665		-3.862907		-0.972104		-5.059599		-39.342812		0.000000		0.000000		0.000000		0.000000		0.000000		0.000000		0.000000		0.000000		0.000000		0.000000
4.025324		4.323258		1.454226		-3.993297		-0.972104		-5.059599		-39.342812		0.000000		0.000000		0.000000		0.000000		0.000000		0.000000		0.000000		0.000000		0.000000		0.000000
4.521303		4.860093		1.975967		-3.184878		-0.244759		-5.338552		-39.507195		0.000000		0.000000		0.000000		0.000000		0.000000		0.000000		0.000000		0.000000		0.000000		0.000000
4.667270		4.979717		1.941071		-3.005369		-0.244759		-5.338552		-39.507195		0.000000		0.000000		0.000000		0.000000		0.000000		0.000000		0.000000		0.000000		0.000000		0.000000
4.803986		5.261999		1.874619		-2.891709		-0.244759		-5.338552		-39.507195		0.000000		0.000000		0.000000		0.000000		0.000000		0.000000		0.000000		0.000000		0.000000		0.000000
4.952735		-5.412760		1.842263		-3.026308		-0.244759		-5.338552		-39.507195		0.000000		0.000000		0.000000		0.000000		0.000000		0.000000		0.000000		0.000000		0.000000		0.000000
4.838750		-5.573588		1.797491		-2.721604		-0.244759		-5.338552		-39.507195		0.000000		0.000000		0.000000		0.000000		0.000000		0.000000		0.000000		0.000000		0.000000		0.000000
5.090667		-5.423249		2.298281		-2.710700		-0.244759		-5.338552		-39.507195		0.000000		0.000000		0.000000		0.000000		0.000000		0.000000		0.000000		0.000000		0.000000		0.000000
5.131947		-5.403533		2.049584		-2.713484		-0.244759		-5.338552		-39.507195		0.000000		0.000000		0.000000		0.000000		0.000000		0.000000		0.000000		0.000000		0.000000		0.000000
5.111009		-5.484757		1.977014		-2.718175		-0.244759		-5.338552		-39.507195		0.000000		0.000000		0.000000		0.000000		0.000000		0.000000		0.000000		0.000000		0.000000		0.000000
5.091332		-5.513764		1.950596		-2.746100		-0.244759		-5.338552		-39.507195		0.000000		0.000000		0.000000		0.000000		0.000000		0.000000		0.000000		0.000000		0.000000		0.000000
5.107152		-5.524370		1.910794		-2.755365		-0.244759		-5.338552		-39.507195		0.000000		0.000000		0.000000		0.000000		0.000000		0.000000		0.000000		0.000000		0.000000		0.000000
5.115020		-5.533613		1.888899		-2.772659		-0.244759		-5.338552		-39.507195		0.000000		0.000000		0.000000		0.000000		0.000000		0.000000		0.000000		0.000000		0.000000		0.000000
5.109766		-5.566230		1.859016		-2.758396		-0.244759		-5.338552		-39.507195		0.000000		0.000000		0.000000		0.000000		0.000000		0.000000		0.000000		0.000000		0.000000		0.000000
5.282530		-5.490034		1.705091		-2.585791		-0.244759		-5.338552		-39.507195		0.000000		0.000000		0.000000		0.000000		0.000000		0.000000		0.000000		0.000000		0.000000		0.000000
-5.472561		-5.432309		1.659066		-2.511547		-0.244759		-5.338552		-39.507195		0.000000		0.000000		0.000000		0.000000		0.000000		0.000000		0.000000		0.000000		0.000000		0.000000
5.391555		-5.781998		1.503256		-2.497525		0.210601		-5.399658		-39.370731		0.000000		0.000000		0.000000		0.000000		0.000000		0.000000		0.000000		0.000000		0.000000		0.000000
5.342646		-6.087681		1.475003		-2.583473		0.210601		-5.399658		-39.370731		0.000000		0.000000		0.000000		0.000000		0.000000		0.000000		0.000000		0.000000		0.000000		0.000000
-6.011891		-5.612275		1.032249		-2.611053		0.210601		-5.399658		-39.370731		0.000000		0.000000		0.000000		0.000000		0.000000		0.000000		0.000000		0.000000		0.000000		0.000000
-5.566831		-6.122351		1.600699		-2.564364		0.210601		-5.399658		-39.370731		0.000000		0.000000		0.000000		0.000000		0.000000		0.000000		0.000000		0.000000		0.000000		0.000000
5.130682		-6.091385		1.425682		-2.824333		0.334653		-5.158860		-39.392921		0.000000		0.000000		0.000000		0.000000		0.000000		0.000000		0.000000		0.000000		0.000000		0.000000
5.036010		-6.322894		1.361417		-2.844157		0.334653		-5.158860		-39.392921		0.000000		0.000000		0.000000		0.000000		0.000000		0.000000		0.000000		0.000000		0.000000		0.000000
-6.003619		-7.031583		1.353132		-2.902844		0.329012		-5.979713		-39.957642		0.000000		0.000000		0.000000		0.000000		0.000000		0.000000		0.000000		0.000000		0.000000		0.000000
-6.241037		-6.947126		1.374063		-2.856069		0.329012		-5.979713		-39.957642		0.000000		0.000000		0.000000		0.000000		0.000000		0.000000		0.000000		0.000000		0.000000		0.000000
-5.362555		-6.469892		1.638408		-2.633429		0.235504		-5.218350		-39.749706		0.000000		0.000000		0.000000		0.000000		0.000000		0.000000		0.000000		0.000000		0.000000		0.000000
-5.284939		-6.960576		1.612086		-2.807476		0.235504		-5.218350		-39.749706		0.000000		0.000000		0.000000		0.000000		0.000000		0.000000		0.000000		0.000000		0.000000		0.000000
4.654300		-7.654072		1.484007		-3.232323		0.297672		-5.009804		-40.098919		0.000000		0.000000		0.000000		0.000000		0.000000		0.000000		0.000000		0.000000		0.000000		0.000000
4.708288		-8.378336		1.541961		-3.364606		0.297672		-5.009804		-40.098919		0.000000		0.000000		0.000000		0.000000		0.000000		0.000000		0.000000		0.000000		0.000000		0.000000
4.782548		-9.578040		1.477568		-3.397852		0.297672		-5.009804		-40.098919		0.000000		0.000000		0.000000		0.000000		0.000000		0.000000		0.000000		0.000000		0.000000		0.000000
4.871833		-11.380358		1.383910		-3.334549		0.297672		-5.009804		-40.098919		0.000000		0.000000		0.000000		0.000000		0.000000		0.000000		0.000000		0.000000		0.000000		0.000000
5.052694		-12.487104		0.567272		-3.931119		1.030113		-5.150007		-39.297974		0.000000		0.000000		0.000000		0.000000		0.000000		0.000000		0.000000		0.000000		0.000000		0.000000
5.091632		-13.251760		0.566706		-3.839899		1.030113		-5.150007		-39.297974		0.000000		0.000000		0.000000		0.000000		0.000000		0.000000		0.000000		0.000000		0.000000		0.000000
5.152074		-14.591359		0.006145		-4.324279		1.661494		-5.174644		-39.386543		0.000000		0.000000		0.000000		0.000000		0.000000		0.000000		0.000000		0.000000		0.000000		0.000000
5.159829		-15.452347		0.035542		-4.156627		1.661494		-5.174644		-39.386543		0.000000		0.000000		0.000000		0.000000		0.000000		0.000000		0.000000		0.000000		0.000000		0.000000
-5.198878		-15.985100		0.437640		-4.303331		2.020855		-5.196490		-38.344349		0.000000		0.000000		0.000000		0.000000		0.000000		0.000000		0.000000		0.000000		0.000000		0.000000
-5.211912		-16.636492		0.483702		-4.181469		2.020855		-5.196490		-38.344349		0.000000		0.000000		0.000000		0.000000		0.000000		0.000000		0.000000		0.000000		0.000000		0.000000
-5.118328		-17.638586		0.921350		-4.515137		2.474593		-5.076067		-38.258076		0.000000		0.000000		0.000000		0.000000		0.000000		0.000000		0.000000		0.000000		0.000000		0.000000
-5.127890		-18.039916		0.929690		-4.438853		2.474593		-5.076067		-38.258076		0.000000		0.000000		0.000000		0.000000		0.000000		0.000000		0.000000		0.000000		0.000000		0.000000
-5.140787		-18.663163		0.969448		-4.364135		2.474593		-5.076067		-38.258076		0.000000		0.000000		0.000000		0.000000		0.000000		0.000000		0.000000		0.000000		0.000000		0.000000
-5.139769		-19.175507		0.952959		-4.226586		2.474593		-5.076067		-38.258076		0.000000		0.000000		0.000000		0.000000		0.000000		0.000000		0.000000		0.000000		0.000000		0.000000
-5.105067		-19.473712		1.406683		-4.538483		2.902634		-5.037855		-38.348923		0.000000		0.000000		0.000000		0.000000		0.000000		0.000000		0.000000		0.000000		0.000000		0.000000
-5.000654		-19.616725		1.689822		-4.836741		3.216335		-4.915563		-38.085445		0.000000		0.000000		0.000000		0.000000		0.000000		0.000000		0.000000		0.000000		0.000000		0.000000
-5.091143		-19.725765		1.757554		-4.938316		3.280502		-5.002876		-37.503975		0.000000		0.000000		0.000000		0.000000		0.000000		0.000000		0.000000		0.000000		0.000000		0.000000
-5.042872		-19.976640		1.808050		-5.016020		3.342705		-4.935930		-37.174545		0.000000		0.000000		0.000000		0.000000		0.000000		0.000000		0.000000		0.000000		0.000000		0.000000
-5.065702		-20.150813		1.758650		-4.969741		3.342705		-4.935930		-37.174545		0.000000		0.000000		0.000000		0.000000		0.000000		0.000000		0.000000		0.000000		0.000000		0.000000
-5.044965		-20.176043		1.885206		-5.030626		3.437402		-4.911107		-37.009571		0.000000		0.000000		0.000000		0.000000		0.000000		0.000000		0.000000		0.000000		0.000000		0.000000
-5.049846		-20.507698		1.866574		-5.028743		3.437402		-4.911107		-37.009571		0.000000		0.000000		0.000000		0.000000		0.000000		0.000000		0.000000		0.000000		0.000000		0.000000
-5.055363		-20.906683		1.994604		-5.201051		3.583951		-4.934053		-36.887985		0.000000		0.000000		0.000000		0.000000		0.000000		0.000000		0.000000		0.000000		0.000000		0.000000
-5.057135		-21.084031		2.000161		-5.170348		3.583951		-4.934053		-36.887985		0.000000		0.000000		0.000000		0.000000		0.000000		0.000000		0.000000		0.000000		0.000000		0.000000
-5.045737		-21.173709		2.122258		-5.278582		3.725115		-4.908016		-36.790379		0.000000		0.000000		0.000000		0.000000		0.000000		0.000000		0.000000		0.000000		0.000000		0.000000
-5.056723		-21.410267		2.116014		-5.271036		3.725115		-4.908016		-36.790379		0.000000		0.000000		0.000000		0.000000		0.000000		0.000000		0.000000		0.000000		0.000000		0.000000
-5.003245		-21.422688		2.187576		-5.394469		3.829641		-4.862086		-37.993820		0.000000		0.000000		0.000000		0.000000		0.000000		0.000000		0.000000		0.000000		0.000000		0.000000
-4.954927		-21.369593		2.162326		-5.384372		3.812586		-4.812171		-37.576374		0.000000		0.000000		0.000000		0.000000		0.000000		0.000000		0.000000		0.000000		0.000000		0.000000
-4.957326		-21.364065		2.156488		-5.393653		3.812586		-4.812171		-37.576374		0.000000		0.000000		0.000000		0.000000		0.000000		0.000000		0.000000		0.000000		0.000000		0.000000
-4.982814		-21.430624		2.135324		-5.384504		3.812586		-4.812171		-37.576374		0.000000		0.000000		0.000000		0.000000		0.000000		0.000000		0.000000		0.000000		0.000000		0.000000
-5.053463		-21.466477		2.206648		-5.515340		3.899621		-4.871596		-37.183292		0.000000		0.000000		0.000000		0.000000		0.000000		0.000000		0.000000		0.000000		0.000000		0.000000
-5.090105		-21.475777		2.180565		-5.513816		3.877648		-4.893836		-37.562675		0.000000		0.000000		0.000000		0.000000		0.000000		0.000000		0.000000		0.000000		0.000000		0.000000
-5.093024		-21.484485		2.165935		-5.510051		3.877648		-4.893836		-37.562675		0.000000		0.000000		0.000000		0.000000		0.000000		0.000000		0.000000		0.000000		0.000000		0.000000
-5.105910		-21.468442		2.200564		-5.546609		3.907197		-4.888060		-37.296539		0.000000		0.000000		0.000000		0.000000		0.000000		0.000000		0.000000		0.000000		0.000000		0.000000
-5.117008		-21.465985		2.170348		-5.577649		3.907197		-4.888060		-37.296539		0.000000		0.000000		0.000000		0.000000		0.000000		0.000000		0.000000		0.000000		0.000000		0.000000
-5.046959		-21.335957		2.132026		-5.570940		3.882848		-4.825658		-38.250935		0.000000		0.000000		0.000000		0.000000		0.000000		0.000000		0.000000		0.000000		0.000000		0.000000
-5.046030		-21.016755		2.116775		-5.592622		3.882848		-4.825658		-38.250935		0.000000		0.000000		0.000000		0.000000		0.000000		0.000000		0.000000		0.000000		0.000000		0.000000
-5.035814		-20.626399		2.119238		-5.620496		3.882848		-4.825658		-38.250935		0.000000		0.000000		0.000000		0.000000		0.000000		0.000000		0.000000		0.000000		0.000000		0.000000
-5.091541		-20.092450		1.849990		-5.376719		3.606392		-4.899519		-37.383560		0.000000		0.000000		0.000000		0.000000		0.000000		0.000000		0.000000		0.000000		0.000000		0.000000
-5.076988		-19.617111		1.854300		-5.380921		3.606392		-4.899519		-37.383560		0.000000		0.000000		0.000000		0.000000		0.000000		0.000000		0.000000		0.000000		0.000000		0.000000
-5.112106		-19.252883		1.535041		-5.160319		3.278358		-4.974737		-37.791924		0.000000		0.000000		0.000000		0.000000		0.000000		0.000000		0.000000		0.000000		0.000000		0.000000
-5.083672		-18.434069		1.586947		-5.103073		3.278358		-4.974737		-37.791924		0.000000		0.000000		0.000000		0.000000		0.000000		0.000000		0.000000		0.000000		0.000000		0.000000
-5.285945		-17.085736		0.901436		-4.323136		2.490610		-5.214087		-38.352852		0.000000		0.000000		0.000000		0.000000		0.000000		0.000000		0.000000		0.000000		0.000000		0.000000
-5.274388		-16.591449		0.944395		-4.322795		2.490610		-5.214087		-38.352852		0.000000		0.000000		0.000000		0.000000		0.000000		0.000000		0.000000		0.000000		0.000000		0.000000
-5.253576		-15.146852		1.024090		-4.419245		2.490610		-5.214087		-38.352852		0.000000		0.000000		0.000000		0.000000		0.000000		0.000000		0.000000		0.000000		0.000000		0.000000
-5.227331		-13.205440		1.100538		-4.320903		2.490610		-5.214087		-38.352852		0.000000		0.000000		0.000000		0.000000		0.000000		0.000000		0.000000		0.000000		0.000000		0.000000
-5.227533		-11.209835		1.097809		-4.417948		2.490610		-5.214087		-38.352852		0.000000		0.000000		0.000000		0.000000		0.000000		0.000000		0.000000		0.000000		0.000000		0.000000
-5.336669		-9.634637		0.073966		-3.473853		1.323507		-5.332519		-38.816704		0.000000		0.000000		0.000000		0.000000		0.000000		0.000000		0.000000		0.000000		0.000000		0.000000
-5.341944		-8.473467		0.057023		-3.371592		1.323507		-5.332519		-38.816704		0.000000		0.000000		0.000000		0.000000		0.000000		0.000000		0.000000		0.000000		0.000000		0.000000
-5.601720		-7.796829		0.687779		-2.518789		0.771245		-5.587205		-39.816063		0.000000		0.000000		0.000000		0.000000		0.000000		0.000000		0.000000		0.000000		0.000000		0.000000
-5.602091		-7.192927		0.682557		-2.595816		0.795833		-5.571705		-41.222305		0.000000		0.000000		0.000000		0.000000		0.000000		0.000000		0.000000		0.000000		0.000000		0.000000
-5.596530		-6.793550		0.666017		-2.736017		0.795833		-5.571705		-41.222305		0.000000		0.000000		0.000000		0.000000		0.000000		0.000000		0.000000		0.000000		0.000000		0.000000
-5.643508		-7.218669		0.991858		-2.468330		0.453299		-5.636577		-40.243103		0.000000		0.000000		0.000000		0.000000		0.000000		0.000000		0.000000		0.000000		0.000000		0.000000
-5.615964		-7.078303		0.662867		-2.777530		0.780521		-5.597617		-39.429428		0.000000		0.000000		0.000000		0.000000		0.000000		0.000000		0.000000		0.000000		0.000000		0.000000
-5.623230		-7.120645		0.854316		-2.606512		0.584530		-5.605246		-40.472450		0.000000		0.000000		0.000000		0.000000		0.000000		0.000000		0.000000		0.000000		0.000000		0.000000
-5.635653		-7.033088		0.702409		-2.736492		0.734528		-5.619169		-40.213707		0.000000		0.000000		0.000000		0.000000		0.000000		0.000000		0.000000		0.000000		0.000000		0.000000
-5.647344		-6.966137		0.677889		-2.749330		0.734528		-5.619169		-40.213707		0.000000		0.000000		0.000000		0.000000		0.000000		0.000000		0.000000		0.000000		0.000000		0.000000
-5.650065		-6.835532		0.689448		-2.743205		0.734528		-5.619169		-40.213707		0.000000		0.000000		0.000000		0.000000		0.000000		0.000000		0.000000		0.000000		0.000000		0.000000
-5.646408		-6.739512		0.698310		-2.750912		0.735904		-5.621251		-39.661186		0.000000		0.000000		0.000000		0.000000		0.000000		0.000000		0.000000		0.000000		0.000000		0.000000
-5.660812		-6.670883		0.691070		-2.746106		0.735904		-5.621251		-39.661186		0.000000		0.000000		0.000000		0.000000		0.000000		0.000000		0.000000		0.000000		0.000000		0.000000
-5.645345		-6.594638		0.690601		-2.769017		0.742324		-5.604285		-39.369980		0.000000		0.000000		0.000000		0.000000		0.000000		0.000000		0.000000		0.000000		0.000000		0.000000
-5.660485		-6.585886		0.772608		-2.685316		0.661753		-5.613647		-39.710903		0.000000		0.000000		0.000000		0.000000		0.000000		0.000000		0.000000		0.000000		0.000000		0.000000
-5.664365		-6.554306		0.673216		-2.788435		0.756817		-5.616299		-39.150970		0.000000		0.000000		0.000000		0.000000		0.000000		0.000000		0.000000		0.000000		0.000000		0.000000
-5.657860		-6.546594		0.671089		-2.797658		0.756817		-5.616299		-39.150970		0.000000		0.000000		0.000000		0.000000		0.000000		0.000000		0.000000		0.000000		0.000000		0.000000
-5.618839		-6.485512		0.728255		-2.747418		0.702615		-5.570896		-39.609146		0.000000		0.000000		0.000000		0.000000		0.000000		0.000000		0.000000		0.000000		0.000000		0.000000
-5.630073		-6.471335		0.742950		-2.754841		0.702615		-5.570896		-39.609146		0.000000		0.000000		0.000000		0.000000		0.000000		0.000000		0.000000		0.000000		0.000000		0.000000
-5.637339		-6.325470		0.736692		-2.760665		0.702615		-5.570896		-39.609146		0.000000		0.000000		0.000000		0.000000		0.000000		0.000000		0.000000		0.000000		0.000000		0.000000
-56.556741		56.174091		8.232835		-11.522670		9.659792		56.489212		-40.429508		0.000000		0.000000		0.000000		0.000000		0.000000		0.000000		0.000000		0.000000		0.000000		0.000000
-78.679967		77.620199		20.911007		-24.023406		22.342171		78.606407		-30.124338		0.000000		0.000000		0.000000		0.000000		0.000000		0.000000		0.000000		0.000000		0.000000		0.000000
-85.333710		83.489775		26.496413		-29.470181		27.924791		85.262894		-23.641760		0.000000		0.000000		0.000000		0.000000		0.000000		0.000000		0.000000		0.000000		0.000000		0.000000
-85.356758		81.546076		26.546731		-29.751557		27.924791		85.262894		-23.641760		0.000000		0.000000		0.000000		0.000000		0.000000		0.000000		0.000000		0.000000		0.000000		0.000000
-85.358919		79.060944		26.575553		-29.951335		27.924791		85.262894		-23.641760		0.000000		0.000000		0.000000		0.000000		0.000000		0.000000		0.000000		0.000000		0.000000		0.000000
-25.945862		18.438605		4.028580		-7.781585		5.459493		25.852354		-42.449371		0.000000		0.000000		0.000000		0.000000		0.000000		0.000000		0.000000		0.000000		0.000000		0.000000
-25.952600		17.520450		4.094863		-7.961293		5.459493		25.852354		-42.449371		0.000000		0.000000		0.000000		0.000000		0.000000		0.000000		0.000000		0.000000		0.000000		0.000000
-5.298925		4.861020		3.134530		-6.815040		4.479491		5.184243		-40.681217		0.000000		0.000000		0.000000		0.000000		0.000000		0.000000		0.000000		0.000000		0.000000		0.000000
-2.367362		8.837764		2.961954		-6.398042		4.309835		-2.239072		-40.820267		0.000000		0.000000		0.000000		0.000000		0.000000		0.000000		0.000000		0.000000		0.000000		0.000000
-2.379472		9.744620		2.949622		-6.250382		4.309835		-2.239072		-40.820267		0.000000		0.000000		0.000000		0.000000		0.000000		0.000000		0.000000		0.000000		0.000000		0.000000
-4.554189		8.691070		3.196484		-6.349027		4.562854		-4.398483		-41.008690		0.000000		0.000000		0.000000		0.000000		0.000000		0.000000		0.000000		0.000000		0.000000		0.000000
-4.565133		9.257715		3.231457		-6.441881		4.562854		-4.398483		-41.008690		0.000000		0.000000		0.000000		0.000000		0.000000		0.000000		0.000000		0.000000		0.000000		0.000000
-5.364665		9.162348		3.458128		-6.698186		4.784445		-5.194521		-41.956154		0.000000		0.000000		0.000000		0.000000		0.000000		0.000000		0.000000		0.000000		0.000000		0.000000
-5.914690		9.213491		3.785783		-7.034806		5.102463		-5.710024		-41.329216		0.000000		0.000000		0.000000		0.000000		0.000000		0.000000		0.000000		0.000000		0.000000		0.000000
-5.955873		9.940297		3.809486		-7.117825		5.102463		-5.710024		-41.329216		0.000000		0.000000		0.000000		0.000000		0.000000		0.000000		0.000000		0.000000		0.000000		0.000000
-5.936707		10.315881		3.791954		-7.111966		5.102463		-5.710024		-41.329216		0.000000		0.000000		0.000000		0.000000		0.000000		0.000000		0.000000		0.000000		0.000000		0.000000
-5.942852		10.767751		3.783548		-7.059178		5.102463		-5.710024		-41.329216		0.000000		0.000000		0.000000		0.000000		0.000000		0.000000		0.000000		0.000000		0.000000		0.000000
-5.972695		11.487284		3.800439		-6.892707		5.102463		-5.710024		-41.329216		0.000000		0.000000		0.000000		0.000000		0.000000		0.000000		0.000000		0.000000		0.000000		0.000000
-6.370832		11.475273		4.161236		-7.281210		5.481477		-6.128655		-41.721096		0.000000		0.000000		0.000000		0.000000		0.000000		0.000000		0.000000		0.000000		0.000000		0.000000
-6.366232		11.567069		4.165051		-7.275844		5.481477		-6.128655		-41.721096		0.000000		0.000000		0.000000		0.000000		0.000000		0.000000		0.000000		0.000000		0.000000		0.000000
-6.440045		11.713888		4.294138		-7.354370		5.602263		-6.187644		-41.808224		0.000000		0.000000		0.000000		0.000000		0.000000		0.000000		0.000000		0.000000		0.000000		0.000000
-6.435124		12.000759		4.297206		-7.362849		5.602263		-6.187644		-41.808224		0.000000		0.000000		0.000000		0.000000		0.000000		0.000000		0.000000		0.000000		0.000000		0.000000
-6.440368		12.235236		4.316932		-7.301199		5.602263		-6.187644		-41.808224		0.000000		0.000000		0.000000		0.000000		0.000000		0.000000		0.000000		0.000000		0.000000		0.000000
-6.575383		12.165513		4.474283		-7.416206		5.764332		-6.313958		-40.950581		0.000000		0.000000		0.000000		0.000000		0.000000		0.000000		0.000000		0.000000		0.000000		0.000000
-6.579415		12.161777		4.497983		-7.359149		5.764332		-6.313958		-40.950581		0.000000		0.000000		0.000000		0.000000		0.000000		0.000000		0.000000		0.000000		0.000000		0.000000
-6.652143		12.316379		4.643601		-7.533133		5.919225		-6.377983		-41.479538		0.000000		0.000000		0.000000		0.000000		0.000000		0.000000		0.000000		0.000000		0.000000		0.000000
-6.652532		12.498726		4.644081		-7.491318		5.919225		-6.377983		-41.479538		0.000000		0.000000		0.000000		0.000000		0.000000		0.000000		0.000000		0.000000		0.000000		0.000000
-6.661480		12.411853		4.703491		-7.569805		5.970100		-6.394764		-41.396099		0.000000		0.000000		0.000000		0.000000		0.000000		0.000000		0.000000		0.000000		0.000000		0.000000
-6.669595		12.527638		4.705586		-7.618300		5.970100		-6.394764		-41.396099		0.000000		0.000000		0.000000		0.000000		0.000000		0.000000		0.000000		0.000000		0.000000		0.000000
-6.698476		12.570444		4.774217		-7.700965		6.037272		-6.426313		-41.758896		0.000000		0.000000		0.000000		0.000000		0.000000		0.000000		0.000000		0.000000		0.000000		0.000000
-6.684620		12.536124		4.775125		-7.711749		6.037272		-6.426313		-41.758896		0.000000		0.000000		0.000000		0.000000		0.000000		0.000000		0.000000		0.000000		0.000000		0.000000
-6.653847		12.547629		4.778358		-7.714503		6.049146		-6.397475		-41.804802		0.000000		0.000000		0.000000		0.000000		0.000000		0.000000		0.000000		0.000000		0.000000		0.000000
-6.650857		12.546256		4.787892		-7.729941		6.049146		-6.397475		-41.804802		0.000000		0.000000		0.000000		0.000000		0.000000		0.000000		0.000000		0.000000		0.000000		0.000000
-6.697019		12.514596		4.959850		-7.861722		6.212343		-6.440909		-41.341328		0.000000		0.000000		0.000000		0.000000		0.000000		0.000000		0.000000		0.000000		0.000000		0.000000
-6.699282		12.497618		4.973869		-7.776770		6.212343		-6.440909		-41.341328		0.000000		0.000000		0.000000		0.000000		0.000000		0.000000		0.000000		0.000000		0.000000		0.000000
-6.494620		12.623608		4.954529		-7.806094		6.194352		-6.243417		-41.503296		0.000000		0.000000		0.000000		0.000000		0.000000		0.000000		0.000000		0.000000		0.000000		0.000000
-6.490312		12.479577		4.940348		-7.757972		6.194352		-6.243417		-41.503296		0.000000		0.000000		0.000000		0.000000		0.000000		0.000000		0.000000		0.000000		0.000000		0.000000
-6.337270		12.275057		4.925773		-7.650174		6.181758		-6.097404		-42.750008		0.000000		0.000000		0.000000		0.000000		0.000000		0.000000		0.000000		0.000000		0.000000		0.000000
-6.300553		11.997210		4.914730		-7.559679		6.181758		-6.097404		-42.750008		0.000000		0.000000		0.000000		0.000000		0.000000		0.000000		0.000000		0.000000		0.000000		0.000000
-6.241879		10.998459		4.868891		-7.428972		6.181758		-6.097404		-42.750008		0.000000		0.000000		0.000000		0.000000		0.000000		0.000000		0.000000		0.000000		0.000000		0.000000
-6.266880		10.349546		4.884449		-7.443290		6.181758		-6.097404		-42.750008		0.000000		0.000000		0.000000		0.000000		0.000000		0.000000		0.000000		0.000000		0.000000		0.000000
-5.821033		9.542677		4.605988		-6.859821		5.907987		-5.659541		-41.251198		0.000000		0.000000		0.000000		0.000000		0.000000		0.000000		0.000000		0.000000		0.000000		0.000000
-5.811017		8.741598		4.628125		-6.769398		5.907987		-5.659541		-41.251198		0.000000		0.000000		0.000000		0.000000		0.000000		0.000000		0.000000		0.000000		0.000000		0.000000
-5.791935		7.538566		4.623848		-6.492692		5.907987		-5.659541		-41.251198		0.000000		0.000000		0.000000		0.000000		0.000000		0.000000		0.000000		0.000000		0.000000		0.000000
-5.488093		5.946918		3.462598		-5.160007		4.760151		-5.370421		-41.663895		0.000000		0.000000		0.000000		0.000000		0.000000		0.000000		0.000000		0.000000		0.000000		0.000000
-5.464365		4.920276		3.432252		-5.079791		4.760151		-5.370421		-41.663895		0.000000		0.000000		0.000000		0.000000		0.000000		0.000000		0.000000		0.000000		0.000000		0.000000
-5.469877		4.304825		3.409514		-5.116001		4.760151		-5.370421		-41.663895		0.000000		0.000000		0.000000		0.000000		0.000000		0.000000		0.000000		0.000000		0.000000		0.000000
-5.553567		3.038315		2.253703		-3.882341		3.602276		-5.464818		-40.929630		0.000000		0.000000		0.000000		0.000000		0.000000		0.000000		0.000000		0.000000		0.000000		0.000000
-5.533794		1.800324		2.237614		-4.037902		3.602276		-5.464818		-40.929630		0.000000		0.000000		0.000000		0.000000		0.000000		0.000000		0.000000		0.000000		0.000000		0.000000
-5.590589		0.355357		1.104935		-3.009889		2.463744		-5.524294		-42.104927		0.000000		0.000000		0.000000		0.000000		0.000000		0.000000		0.000000		0.000000		0.000000		0.000000
-5.578240		0.417597		1.094721		-3.021399		2.463744		-5.524294		-42.104927		0.000000		0.000000		0.000000		0.000000		0.000000		0.000000		0.000000		0.000000		0.000000		0.000000
-5.567083		2.188955		1.094333		-3.283529		2.463744		-5.524294		-42.104927		0.000000		0.000000		0.000000		0.000000		0.000000		0.000000		0.000000		0.000000		0.000000		0.000000
-5.602844		3.037204		0.008658		-2.413256		1.377878		-5.567890		-41.017216		0.000000		0.000000		0.000000		0.000000		0.000000		0.000000		0.000000		0.000000		0.000000		0.000000
-5.606638		3.360919		0.004604		-2.496794		1.377878		-5.567890		-41.017216		0.000000		0.000000		0.000000		0.000000		0.000000		0.000000		0.000000		0.000000		0.000000		0.000000
-5.716694		4.327385		0.534892		-2.285105		0.872852		-5.673527		-40.560436		0.000000		0.000000		0.000000		0.000000		0.000000		0.000000		0.000000		0.000000		0.000000		0.000000
-5.731010		5.049137		0.565077		-2.548016		0.872852		-5.673527		-40.560436		0.000000		0.000000		0.000000		0.000000		0.000000		0.000000		0.000000		0.000000		0.000000		0.000000
-5.730190		-5.948329		0.593669		-2.937747		0.872852		-5.673527		-40.560436		0.000000		0.000000		0.000000		0.000000		0.000000		0.000000		0.000000		0.000000		0.000000		0.000000
-5.659395		-6.287555		0.811138		-2.974838		0.669370		-5.606966		-40.076317		0.000000		0.000000		0.000000		0.000000		0.000000		0.000000		0.000000		0.000000		0.000000		0.000000
-5.625679		-6.364219		0.943876		-2.932839		0.561498		-5.576602		-40.375645		0.000000		0.000000		0.000000		0.000000		0.000000		0.000000		0.000000		0.000000		0.000000		0.000000
-5.631344		-6.485973		0.974156		-3.048318		0.561498		-5.576602		-40.375645		0.000000		0.000000		0.000000		0.000000		0.000000		0.000000		0.000000		0.000000		0.000000		0.000000
-5.662635		-6.378205		1.129779		-2.934295		0.497798		-5.600842		-40.795403		0.000000		0.000000		0.000000		0.000000		0.000000		0.000000		0.000000		0.000000		0.000000		0.000000
-5.619697		-6.207278		1.317170		-2.928163		0.407058		-5.579918		-41.514065		0.000000		0.000000		0.000000		0.000000		0.000000		0.000000		0.000000		0.000000		0.000000		0.000000
4.913080		-5.678870		1.608308		-2.807716		0.049989		-4.977453		-41.067661		0.000000		0.000000		0.000000		0.000000		0.000000		0.000000		0.000000		0.000000		0.000000		0.000000
4.424712		-5.853905		1.599250		-3.023861		0.049989		-4.977453		-41.067661		0.000000		0.000000		0.000000		0.000000		0.000000		0.000000		0.000000		0.000000		0.000000		0.000000
3.920902		-5.578787		1.965804		-2.883012		0.049989		-4.977453		-41.067661		0.000000		0.000000		0.000000		0.000000		0.000000		0.000000		0.000000		0.000000		0.000000		0.000000
4.822782		-5.905215		2.052012		-3.588035		0.910687		-5.328767		-39.088127		0.000000		0.000000		0.000000		0.000000		0.000000		0.000000		0.000000		0.000000		0.000000		0.000000
5.130875		-6.219857		2.415284		-3.154152		0.493672		-5.569944		-39.018208		0.000000		0.000000		0.000000		0.000000		0.000000		0.000000		0.000000		0.000000		0.000000		0.000000
4.945459		-6.339764		2.023540		-3.642717		0.827870		-5.569357		-38.726444		0.000000		0.000000		0.000000		0.000000		0.000000		0.000000		0.000000		0.000000		0.000000		0.000000
5.108449		-6.463002		1.942035		-3.702234		0.827870		-5.569357		-38.726444		0.000000		0.000000		0.000000		0.000000		0.000000		0.000000		0.000000		0.000000		0.000000		0.000000
5.068544		-6.635424		1.939614		-3.848070		0.827870		-5.569357		-38.726444		0.000000		0.000000		0.000000		0.000000		0.000000		0.000000		0.000000		0.000000		0.000000		0.000000
5.042243		-6.623090		1.893925		-3.834246		0.827870		-5.569357		-38.726444		0.000000		0.000000		0.000000		0.000000		0.000000		0.000000		0.000000		0.000000		0.000000		0.000000
5.095447		-6.581939		1.799545		-3.607421		0.772751		-5.594159		-37.637035		0.000000		0.000000		0.000000		0.000000		0.000000		0.000000		0.000000		0.000000		0.000000		0.000000
5.120053		-6.531099		1.713333		-3.515315		0.772751		-5.594159		-37.637035		0.000000		0.000000		0.000000		0.000000		0.000000		0.000000		0.000000		0.000000		0.000000		0.000000
5.146776		-6.072576		1.672175		-3.275556		0.772751		-5.594159		-37.637035		0.000000		0.000000		0.000000		0.000000		0.000000		0.000000		0.000000		0.000000		0.000000		0.000000
5.301037		-5.972634		1.322141		-3.144208		0.772751		-5.594159		-37.637035		0.000000		0.000000		0.000000		0.000000		0.000000		0.000000		0.000000		0.000000		0.000000		0.000000
5.487526		-5.943244		1.376287		-2.928046		0.600210		-5.693281		-38.521191		0.000000		0.000000		0.000000		0.000000		0.000000		0.000000		0.000000		0.000000		0.000000		0.000000
5.495569		-5.997259		1.340805		-2.939983		0.600210		-5.693281		-38.521191		0.000000		0.000000		0.000000		0.000000		0.000000		0.000000		0.000000		0.000000		0.000000		0.000000
5.461749		-5.992778		1.479783		-2.811847		0.469264		-5.684992		-38.752335		0.000000		0.000000		0.000000		0.000000		0.000000		0.000000		0.000000		0.000000		0.000000		0.000000
5.474678		-5.975002		1.462773		-2.795202		0.469264		-5.684992		-38.752335		0.000000		0.000000		0.000000		0.000000		0.000000		0.000000		0.000000		0.000000		0.000000		0.000000
5.540811		-5.876274		1.644620		-2.489765		0.303352		-5.720810		-39.219715		0.000000		0.000000		0.000000		0.000000		0.000000		0.000000		0.000000		0.000000		0.000000		0.000000
-5.769640		-5.698518		0.753144		-3.203129		0.989771		-5.681879		-38.190475		0.000000		0.000000		0.000000		0.000000		0.000000		0.000000		0.000000		0.000000		0.000000		0.000000
5.333828		-5.949961		0.997714		-3.197788		0.989771		-5.681879		-38.190475		0.000000		0.000000		0.000000		0.000000		0.000000		0.000000		0.000000		0.000000		0.000000		0.000000
5.529081		-5.971437		1.278789		-2.980574		0.669306		-5.715108		-38.703220		0.000000		0.000000		0.000000		0.000000		0.000000		0.000000		0.000000		0.000000		0.000000		0.000000
5.556889		-5.977091		1.258498		-2.974954		0.669306		-5.715108		-38.703220		0.000000		0.000000		0.000000		0.000000		0.000000		0.000000		0.000000		0.000000		0.000000		0.000000
5.564932		-5.977584		1.254197		-2.969819		0.669306		-5.715108		-38.703220		0.000000		0.000000		0.000000		0.000000		0.000000		0.000000		0.000000		0.000000		0.000000		0.000000
5.564716		-5.958831		1.350217		-2.870930		0.560835		-5.708739		-39.078857		0.000000		0.000000		0.000000		0.000000		0.000000		0.000000		0.000000		0.000000		0.000000		0.000000
5.564596		-5.953796		1.363500		-2.863372		0.560835		-5.708739		-39.078857		0.000000		0.000000		0.000000		0.000000		0.000000		0.000000		0.000000		0.000000		0.000000		0.000000
5.577259		-5.973041		1.367110		-2.853402		0.545896		-5.711742		-38.164158		0.000000		0.000000		0.000000		0.000000		0.000000		0.000000		0.000000		0.000000		0.000000		0.000000
5.576899		-5.968907		1.358195		-2.895117		0.545896		-5.711742		-38.164158		0.000000		0.000000		0.000000		0.000000		0.000000		0.000000		0.000000		0.000000		0.000000		0.000000
5.814914		-6.264509		0.592594		-3.154434		0.751153		-6.007119		-37.944920		0.000000		0.000000		0.000000		0.000000		0.000000		0.000000		0.000000		0.000000		0.000000		0.000000
5.958819		-6.276687		1.385966		-2.822565		0.676275		-6.069354		-38.740978		0.000000		0.000000		0.000000		0.000000		0.000000		0.000000		0.000000		0.000000		0.000000		0.000000
5.986351		-6.311879		1.394897		-2.882304		0.676275		-6.069354		-38.740978		0.000000		0.000000		0.000000		0.000000		0.000000		0.000000		0.000000		0.000000		0.000000		0.000000
5.957975		-6.331190		1.345743		-2.911743		0.676275		-6.069354		-38.740978		0.000000		0.000000		0.000000		0.000000		0.000000		0.000000		0.000000		0.000000		0.000000		0.000000
5.985218		-6.293009		1.250582		-2.949728		0.676275		-6.069354		-38.740978		0.000000		0.000000		0.000000		0.000000		0.000000		0.000000		0.000000		0.000000		0.000000		0.000000
5.741270		-6.131164		1.850927		-2.413761		0.451323		-5.905468		-38.080605		0.000000		0.000000		0.000000		0.000000		0.000000		0.000000		0.000000		0.000000		0.000000		0.000000
5.734809		-5.861287		1.226602		-3.214534		0.945914		-5.766302		-38.352989		0.000000		0.000000		0.000000		0.000000		0.000000		0.000000		0.000000		0.000000		0.000000		0.000000
5.686853		-5.917521		1.172240		-3.100040		0.945914		-5.766302		-38.352989		0.000000		0.000000		0.000000		0.000000		0.000000		0.000000		0.000000		0.000000		0.000000		0.000000
-5.791662		-5.821958		0.762418		-3.002320		0.945914		-5.766302		-38.352989		0.000000		0.000000		0.000000		0.000000		0.000000		0.000000		0.000000		0.000000		0.000000		0.000000
-5.783297		-5.726362		0.721242		-2.869108		0.850890		-5.691894		-38.452511		0.000000		0.000000		0.000000		0.000000		0.000000		0.000000		0.000000		0.000000		0.000000		0.000000
-5.810213		-5.738192		0.676266		-2.869129		0.850890		-5.691894		-38.452511		0.000000		0.000000		0.000000		0.000000		0.000000		0.000000		0.000000		0.000000		0.000000		0.000000
-5.882620		-6.046047		0.619741		-2.845216		0.852439		-5.741524		-38.265224		0.000000		0.000000		0.000000		0.000000		0.000000		0.000000		0.000000		0.000000		0.000000		0.000000
-5.882711		-6.457186		0.609401		-2.822118		0.852439		-5.741524		-38.265224		0.000000		0.000000		0.000000		0.000000		0.000000		0.000000		0.000000		0.000000		0.000000		0.000000
-5.920234		-6.522774		0.796354		-2.650953		0.666565		-5.761278		-38.354649		0.000000		0.000000		0.000000		0.000000		0.000000		0.000000		0.000000		0.000000		0.000000		0.000000
-5.935773		-6.300066		0.775328		-2.646771		0.666565		-5.761278		-38.354649		0.000000		0.000000		0.000000		0.000000		0.000000		0.000000		0.000000		0.000000		0.000000		0.000000
-5.961081		-6.097528		0.705451		-2.703454		0.712746		-5.769370		-37.596668		0.000000		0.000000		0.000000		0.000000		0.000000		0.000000		0.000000		0.000000		0.000000		0.000000
-5.972676		-6.201421		0.701953		-2.553919		0.712746		-5.769370		-37.596668		0.000000		0.000000		0.000000		0.000000		0.000000		0.000000		0.000000		0.000000		0.000000		0.000000
-5.908066		-6.225429		0.627497		-1.739092		0.722828		-5.721780		-37.388252		0.000000		0.000000		0.000000		0.000000		0.000000		0.000000		0.000000		0.000000		0.000000		0.000000
-5.940757		-6.415718		0.553661		0.687100		0.722828		-5.721780		-37.388252		0.000000		0.000000		0.000000		0.000000		0.000000		0.000000		0.000000		0.000000		0.000000		0.000000
-5.915741		-6.818969		0.353103		0.348446		1.542470		-5.684122		-37.714436		0.000000		0.000000		0.000000		0.000000		0.000000		0.000000		0.000000		0.000000		0.000000		0.000000
-5.813062		-6.992246		1.082396		0.816377		2.237995		-5.566920		-37.608475		0.000000		0.000000		0.000000		0.000000		0.000000		0.000000		0.000000		0.000000		0.000000		0.000000
-5.761307		-6.844377		1.592733		1.579890		2.704826		-5.516421		-37.142353		0.000000		0.000000		0.000000		0.000000		0.000000		0.000000		0.000000		0.000000		0.000000		0.000000
-5.817790		-7.044877		1.600456		2.577440		2.704826		-5.516421		-37.142353		0.000000		0.000000		0.000000		0.000000		0.000000		0.000000		0.000000		0.000000		0.000000		0.000000
-5.825523		-6.971098		1.610309		3.780772		2.704826		-5.516421		-37.142353		0.000000		0.000000		0.000000		0.000000		0.000000		0.000000		0.000000		0.000000		0.000000		0.000000
-5.873575		-7.037024		1.682038		5.112290		2.704826		-5.516421		-37.142353		0.000000		0.000000		0.000000		0.000000		0.000000		0.000000		0.000000		0.000000		0.000000		0.000000
-5.931190		-7.035971		2.613630		4.796560		3.575570		-5.525418		-37.473919		0.000000		0.000000		0.000000		0.000000		0.000000		0.000000		0.000000		0.000000		0.000000		0.000000
-5.980882		-7.061941		2.678573		5.383856		3.575570		-5.525418		-37.473919		0.000000		0.000000		0.000000		0.000000		0.000000		0.000000		0.000000		0.000000		0.000000		0.000000
-6.066851		-7.028636		2.853353		6.497822		3.575570		-5.525418		-37.473919		0.000000		0.000000		0.000000		0.000000		0.000000		0.000000		0.000000		0.000000		0.000000		0.000000
-6.091973		-6.823211		4.212955		6.051945		4.597613		-5.462070		-37.042057		0.000000		0.000000		0.000000		0.000000		0.000000		0.000000		0.000000		0.000000		0.000000		0.000000
-6.130471		-7.006117		4.654461		5.952757		4.920249		-5.472654		-37.485439		0.000000		0.000000		0.000000		0.000000		0.000000		0.000000		0.000000		0.000000		0.000000		0.000000
-6.139692		-6.851526		4.845319		6.111186		4.920249		-5.472654		-37.485439		0.000000		0.000000		0.000000		0.000000		0.000000		0.000000		0.000000		0.000000		0.000000		0.000000
-6.154419		-6.928324		-5.501991		6.230298		5.248990		-5.467642		-37.788242		0.000000		0.000000		0.000000		0.000000		0.000000		0.000000		0.000000		0.000000		0.000000		0.000000
-6.219100		-7.044633		-5.767543		6.387929		5.419588		-5.524178		-37.306522		0.000000		0.000000		0.000000		0.000000		0.000000		0.000000		0.000000		0.000000		0.000000		0.000000
-6.229961		-6.949487		-5.897108		6.185869		5.419588		-5.524178		-37.306522		0.000000		0.000000		0.000000		0.000000		0.000000		0.000000		0.000000		0.000000		0.000000		0.000000
-6.248302		-6.923904		-6.061855		6.199031		5.419588		-5.524178		-37.306522		0.000000		0.000000		0.000000		0.000000		0.000000		0.000000		0.000000		0.000000		0.000000		0.000000
-6.231332		-7.106790		-6.445898		6.144296		5.683989		-5.489023		-37.039028		0.000000		0.000000		0.000000		0.000000		0.000000		0.000000		0.000000		0.000000		0.000000		0.000000
-6.253612		-7.039712		-6.656949		6.117637		5.683989		-5.489023		-37.039028		0.000000		0.000000		0.000000		0.000000		0.000000		0.000000		0.000000		0.000000		0.000000		0.000000
-6.248563		-6.998844		-6.884435		5.969573		5.832266		-5.469362		-37.113964		0.000000		0.000000		0.000000		0.000000		0.000000		0.000000		0.000000		0.000000		0.000000		0.000000
-6.237012		-7.091084		-7.099207		5.870288		5.956108		-5.459477		-37.765484		0.000000		0.000000		0.000000		0.000000		0.000000		0.000000		0.000000		0.000000		0.000000		0.000000
-6.242658		-7.029777		-7.145205		5.815755		5.956108		-5.459477		-37.765484		0.000000		0.000000		0.000000		0.000000		0.000000		0.000000		0.000000		0.000000		0.000000		0.000000
-6.232107		-6.979268		-7.247469		5.749503		5.953418		-5.439777		-36.934086		0.000000		0.000000		0.000000		0.000000		0.000000		0.000000		0.000000		0.000000		0.000000		0.000000
-6.249274		-6.866910		-7.350380		5.890043		5.953418		-5.439777		-36.934086		0.000000		0.000000		0.000000		0.000000		0.000000		0.000000		0.000000		0.000000		0.000000		0.000000
-6.247619		-6.860832		-7.713905		6.011354		6.098837		-5.411736		-36.541172		0.000000		0.000000		0.000000		0.000000		0.000000		0.000000		0.000000		0.000000		0.000000		0.000000
-6.264069		-6.801393		-7.813794		6.091021		6.098837		-5.411736		-36.541172		0.000000		0.000000		0.000000		0.000000		0.000000		0.000000		0.000000		0.000000		0.000000		0.000000
-6.313403		-6.912260		-7.985427		5.854886		6.159583		-5.430384		-37.254410		0.000000		0.000000		0.000000		0.000000		0.000000		0.000000		0.000000		0.000000		0.000000		0.000000
-6.300191		-6.896244		-7.989625		5.672746		6.159583		-5.430384		-37.254410		0.000000		0.000000		0.000000		0.000000		0.000000		0.000000		0.000000		0.000000		0.000000		0.000000
-6.313424		-6.958525		-8.064091		5.392030		6.149889		-5.435902		-36.978310		0.000000		0.000000		0.000000		0.000000		0.000000		0.000000		0.000000		0.000000		0.000000		0.000000
-6.319943		-6.934184		-7.942847		5.077528		6.040533		-5.442465		-37.364677		0.000000		0.000000		0.000000		0.000000		0.000000		0.000000		0.000000		0.000000		0.000000		0.000000
-6.333948		-6.926305		-7.997675		4.976902		6.040533		-5.442465		-37.364677		0.000000		0.000000		0.000000		0.000000		0.000000		0.000000		0.000000		0.000000		0.000000		0.000000
-6.367182		-6.808636		-8.199851		4.889566		6.040533		-5.442465		-37.364677		0.000000		0.000000		0.000000		0.000000		0.000000		0.000000		0.000000		0.000000		0.000000		0.000000
-6.385237		-6.855701		-8.392018		4.841592		6.073071		-5.457860		-37.615879		0.000000		0.000000		0.000000		0.000000		0.000000		0.000000		0.000000		0.000000		0.000000		0.000000
-6.397146		-6.899861		-8.528142		4.463890		6.073071		-5.457860		-37.615879		0.000000		0.000000		0.000000		0.000000		0.000000		0.000000		0.000000		0.000000		0.000000		0.000000
-6.385098		-6.810682		-8.814741		4.579829		6.131103		-5.442650		-38.143448		0.000000		0.000000		0.000000		0.000000		0.000000		0.000000		0.000000		0.000000		0.000000		0.000000
-6.391983		-6.818725		-8.985447		4.960232		6.131103		-5.442650		-38.143448		0.000000		0.000000		0.000000		0.000000		0.000000		0.000000		0.000000		0.000000		0.000000		0.000000
-6.421783		-6.888233		-9.292267		5.093107		6.131103		-5.442650		-38.143448		0.000000		0.000000		0.000000		0.000000		0.000000		0.000000		0.000000		0.000000		0.000000		0.000000
-6.398190		-6.819076		-9.660839		4.689332		6.292653		-5.407294		-38.618149		0.000000		0.000000		0.000000		0.000000		0.000000		0.000000		0.000000		0.000000		0.000000		0.000000
-6.408143		-6.881066		-9.921435		4.348159		6.292653		-5.407294		-38.618149		0.000000		0.000000		0.000000		0.000000		0.000000		0.000000		0.000000		0.000000		0.000000		0.000000
-6.424520		-6.752153		-11.645540		3.818724		6.415808		-5.358488		-37.881081		0.000000		0.000000		0.000000		0.000000		0.000000		0.000000		0.000000		0.000000		0.000000		0.000000
-6.444309		-6.765017		-12.164460		3.432074		6.415808		-5.358488		-37.881081		0.000000		0.000000		0.000000		0.000000		0.000000		0.000000		0.000000		0.000000		0.000000		0.000000
-6.430954		-6.511628		-13.298174		3.393191		6.415808		-5.358488		-37.881081		0.000000		0.000000		0.000000		0.000000		0.000000		0.000000		0.000000		0.000000		0.000000		0.000000
-6.004002		-6.479446		-13.899010		3.226904		6.415808		-5.358488		-37.881081		0.000000		0.000000		0.000000		0.000000		0.000000		0.000000		0.000000		0.000000		0.000000		0.000000
-5.280852		-5.947782		-14.808363		2.719067		6.838479		-4.928922		-38.175274		0.000000		0.000000		0.000000		0.000000		0.000000		0.000000		0.000000		0.000000		0.000000		0.000000
-5.323523		-5.845768		-14.887851		2.731387		6.838479		-4.928922		-38.175274		0.000000		0.000000		0.000000		0.000000		0.000000		0.000000		0.000000		0.000000		0.000000		0.000000
-5.332185		-6.091682		-14.986130		2.531610		6.952008		-4.991724		-39.013378		0.000000		0.000000		0.000000		0.000000		0.000000		0.000000		0.000000		0.000000		0.000000		0.000000
-5.449274		-6.152285		-15.280044		2.421743		7.173237		-5.172648		-37.599167		0.000000		0.000000		0.000000		0.000000		0.000000		0.000000		0.000000		0.000000		0.000000		0.000000
-5.357670		-6.162290		-15.200174		2.375763		7.132686		-5.074118		-37.959949		0.000000		0.000000		0.000000		0.000000		0.000000		0.000000		0.000000		0.000000		0.000000		0.000000
-5.370706		-5.966665		-15.176568		2.536573		7.132686		-5.074118		-37.959949		0.000000		0.000000		0.000000		0.000000		0.000000		0.000000		0.000000		0.000000		0.000000		0.000000
-5.303206		-6.038945		-15.321565		2.588325		7.083676		-5.017780		-37.285824		0.000000		0.000000		0.000000		0.000000		0.000000		0.000000		0.000000		0.000000		0.000000		0.000000
-5.300881		-6.171539		-15.527256		2.668348		7.129034		-5.060541		-38.084877		0.000000		0.000000		0.000000		0.000000		0.000000		0.000000		0.000000		0.000000		0.000000		0.000000
-5.244119		-5.916749		-15.716290		3.079632		7.129034		-5.060541		-38.084877		0.000000		0.000000		0.000000		0.000000		0.000000		0.000000		0.000000		0.000000		0.000000		0.000000
-4.789440		-5.469007		-16.377237		2.986263		7.640320		-4.627726		-38.212631		0.000000		0.000000		0.000000		0.000000		0.000000		0.000000		0.000000		0.000000		0.000000		0.000000
-5.001543		-5.263924		-15.934544		3.090082		7.640320		-4.627726		-38.212631		0.000000		0.000000		0.000000		0.000000		0.000000		0.000000		0.000000		0.000000		0.000000		0.000000
-4.964552		-5.658477		-16.406958		3.385172		7.786987		-4.892683		-36.789963		0.000000		0.000000		0.000000		0.000000		0.000000		0.000000		0.000000		0.000000		0.000000		0.000000
-5.146195		-5.583088		-16.473787		3.725223		7.786987		-4.892683		-36.789963		0.000000		0.000000		0.000000		0.000000		0.000000		0.000000		0.000000		0.000000		0.000000		0.000000
-58.887031		-59.415419		-21.150533		0.278104		11.990504		58.678051		-37.621437		0.000000		0.000000		0.000000		0.000000		0.000000		0.000000		0.000000		0.000000		0.000000		0.000000
-58.912177		-59.284852		-21.393423		0.069430		11.990504		58.678051		-37.621437		0.000000		0.000000		0.000000		0.000000		0.000000		0.000000		0.000000		0.000000		0.000000		0.000000
-16.274156		-16.842646		-18.707150		3.427211		8.953164		16.099573		-38.901794		0.000000		0.000000		0.000000		0.000000		0.000000		0.000000		0.000000		0.000000		0.000000		0.000000
-16.295099		-16.888595		-18.926431		3.679425		8.953164		16.099573		-38.901794		0.000000		0.000000		0.000000		0.000000		0.000000		0.000000		0.000000		0.000000		0.000000		0.000000
-2.294733		-2.875920		-18.665877		4.612083		8.236044		2.109906		-38.206738		0.000000		0.000000		0.000000		0.000000		0.000000		0.000000		0.000000		0.000000		0.000000		0.000000
-2.325974		-2.844666		-18.948025		4.767827		8.236044		2.109906		-38.206738		0.000000		0.000000		0.000000		0.000000		0.000000		0.000000		0.000000		0.000000		0.000000		0.000000
-2.345929		-2.866838		-19.258794		5.116549		8.236044		2.109906		-38.206738		0.000000		0.000000		0.000000		0.000000		0.000000		0.000000		0.000000		0.000000		0.000000		0.000000
-2.305848		-2.922608		-19.401455		5.126151		8.236044		2.109906		-38.206738		0.000000		0.000000		0.000000		0.000000		0.000000		0.000000		0.000000		0.000000		0.000000		0.000000
-2.320918		-2.877677		-19.469807		5.150325		8.236044		2.109906		-38.206738		0.000000		0.000000		0.000000		0.000000		0.000000		0.000000		0.000000		0.000000		0.000000		0.000000
-2.327107		-2.954232		-19.548885		5.176354		8.236044		2.109906		-38.206738		0.000000		0.000000		0.000000		0.000000		0.000000		0.000000		0.000000		0.000000		0.000000		0.000000
-2.351442		-2.935735		-19.911659		5.116961		8.236044		2.109906		-38.206738		0.000000		0.000000		0.000000		0.000000		0.000000		0.000000		0.000000		0.000000		0.000000		0.000000
-2.360649		-3.004253		-19.779812		5.030420		8.236044		2.109906		-38.206738		0.000000		0.000000		0.000000		0.000000		0.000000		0.000000		0.000000		0.000000		0.000000		0.000000
-2.751990		-3.429765		-19.017145		5.837291		7.453501		-2.503202		-38.355251		0.000000		0.000000		0.000000		0.000000		0.000000		0.000000		0.000000		0.000000		0.000000		0.000000
-2.753369		-3.417536		-19.095830		5.838140		7.453501		-2.503202		-38.355251		0.000000		0.000000		0.000000		0.000000		0.000000		0.000000		0.000000		0.000000		0.000000		0.000000
-2.776781		-3.406446		-19.207137		5.863542		7.453501		-2.503202		-38.355251		0.000000		0.000000		0.000000		0.000000		0.000000		0.000000		0.000000		0.000000		0.000000		0.000000
-4.484766		-5.168806		-18.770945		6.038432		7.088417		-4.205148		-38.157539		0.000000		0.000000		0.000000		0.000000		0.000000		0.000000		0.000000		0.000000		0.000000		0.000000
-5.000736		-5.782484		-18.500810		6.051514		6.964003		-4.742573		-38.658554		0.000000		0.000000		0.000000		0.000000		0.000000		0.000000		0.000000		0.000000		0.000000		0.000000
-5.004634		-5.821440		-18.433596		5.919592		6.964003		-4.742573		-38.658554		0.000000		0.000000		0.000000		0.000000		0.000000		0.000000		0.000000		0.000000		0.000000		0.000000
-5.258685		-6.018869		-18.514696		5.931803		6.986386		-4.957578		-38.411346		0.000000		0.000000		0.000000		0.000000		0.000000		0.000000		0.000000		0.000000		0.000000		0.000000
-5.272784		-6.049787		-18.584551		5.978005		6.986386		-4.957578		-38.411346		0.000000		0.000000		0.000000		0.000000		0.000000		0.000000		0.000000		0.000000		0.000000		0.000000
-5.276695		-6.089202		-18.946470		6.207186		6.986386		-4.957578		-38.411346		0.000000		0.000000		0.000000		0.000000		0.000000		0.000000		0.000000		0.000000		0.000000		0.000000
-5.255133		-6.087284		-18.996768		6.359511		6.986386		-4.957578		-38.411346		0.000000		0.000000		0.000000		0.000000		0.000000		0.000000		0.000000		0.000000		0.000000		0.000000
-5.377041		-6.205918		-18.580230		6.818580		6.515541		-5.054922		-39.289471		0.000000		0.000000		0.000000		0.000000		0.000000		0.000000		0.000000		0.000000		0.000000		0.000000
-5.439108		-6.200300		-18.346236		7.156635		6.184745		-5.102175		-38.910660		0.000000		0.000000		0.000000		0.000000		0.000000		0.000000		0.000000		0.000000		0.000000		0.000000
-5.445206		-6.244223		-18.477034		7.333805		6.184745		-5.102175		-38.910660		0.000000		0.000000		0.000000		0.000000		0.000000		0.000000		0.000000		0.000000		0.000000		0.000000
-5.260798		-6.142749		-18.258366		7.828714		5.772957		-4.941991		-39.173462		0.000000		0.000000		0.000000		0.000000		0.000000		0.000000		0.000000		0.000000		0.000000		0.000000
-5.245118		-6.162348		-18.392499		7.940316		5.772957		-4.941991		-39.173462		0.000000		0.000000		0.000000		0.000000		0.000000		0.000000		0.000000		0.000000		0.000000		0.000000
-5.623710		-6.408146		-18.047707		8.627153		5.218608		-5.243809		-40.646000		0.000000		0.000000		0.000000		0.000000		0.000000		0.000000		0.000000		0.000000		0.000000		0.000000
-5.633959		-6.424760		-18.182779		8.725324		5.218608		-5.243809		-40.646000		0.000000		0.000000		0.000000		0.000000		0.000000		0.000000		0.000000		0.000000		0.000000		0.000000
-5.606161		-6.475435		-18.022596		8.820050		5.089631		-5.221062		-40.549103		0.000000		0.000000		0.000000		0.000000		0.000000		0.000000		0.000000		0.000000		0.000000		0.000000
-5.626037		-6.458281		-18.111732		8.937982		5.089631		-5.221062		-40.549103		0.000000		0.000000		0.000000		0.000000		0.000000		0.000000		0.000000		0.000000		0.000000		0.000000
-5.634538		-6.448430		-18.156989		8.925024		5.089631		-5.221062		-40.549103		0.000000		0.000000		0.000000		0.000000		0.000000		0.000000		0.000000		0.000000		0.000000		0.000000
-5.644619		-6.552205		-17.912132		8.803177		4.981011		-5.246924		-39.867683		0.000000		0.000000		0.000000		0.000000		0.000000		0.000000		0.000000		0.000000		0.000000		0.000000
-5.678568		-6.501222		-18.000208		8.894290		4.981011		-5.246924		-39.867683		0.000000		0.000000		0.000000		0.000000		0.000000		0.000000		0.000000		0.000000		0.000000		0.000000
-5.683356		-6.480445		-18.219992		9.142097		4.981011		-5.246924		-39.867683		0.000000		0.000000		0.000000		0.000000		0.000000		0.000000		0.000000		0.000000		0.000000		0.000000
-5.641762		-6.478188		-17.923029		9.609761		4.589372		-5.229849		-41.215229		0.000000		0.000000		0.000000		0.000000		0.000000		0.000000		0.000000		0.000000		0.000000		0.000000
-5.625337		-6.484242		-17.860738		9.572431		4.589372		-5.229849		-41.215229		0.000000		0.000000		0.000000		0.000000		0.000000		0.000000		0.000000		0.000000		0.000000		0.000000
-5.608891		-6.456131		-17.790378		9.868316		4.421339		-5.210635		-41.046284		0.000000		0.000000		0.000000		0.000000		0.000000		0.000000		0.000000		0.000000		0.000000		0.000000
-5.600279		-6.478395		-17.838910		9.927630		4.421339		-5.210635		-41.046284		0.000000		0.000000		0.000000		0.000000		0.000000		0.000000		0.000000		0.000000		0.000000		0.000000
-5.611158		-6.518972		-17.853442		10.016664		4.421339		-5.210635		-41.046284		0.000000		0.000000		0.000000		0.000000		0.000000		0.000000		0.000000		0.000000		0.000000		0.000000
-5.579733		-6.454537		-17.991247		10.129100		4.411213		-5.176721		-41.196915		0.000000		0.000000		0.000000		0.000000		0.000000		0.000000		0.000000		0.000000		0.000000		0.000000
-5.620987		-6.489065		-17.892531		10.177755		4.366909		-5.209354		-41.376591		0.000000		0.000000		0.000000		0.000000		0.000000		0.000000		0.000000		0.000000		0.000000		0.000000
-5.517747		-6.407279		-17.877093		10.377462		4.274323		-5.118343		-39.950878		0.000000		0.000000		0.000000		0.000000		0.000000		0.000000		0.000000		0.000000		0.000000		0.000000
-5.513881		-6.457863		-17.979604		10.368697		4.331405		-5.142358		-40.115898		0.000000		0.000000		0.000000		0.000000		0.000000		0.000000		0.000000		0.000000		0.000000		0.000000
-5.638878		-6.506134		-17.955011		10.276086		4.329490		-5.226818		-40.606213		0.000000		0.000000		0.000000		0.000000		0.000000		0.000000		0.000000		0.000000		0.000000		0.000000
-5.601079		-6.475416		-18.008789		10.379234		4.329490		-5.226818		-40.606213		0.000000		0.000000		0.000000		0.000000		0.000000		0.000000		0.000000		0.000000		0.000000		0.000000
-5.645162		-6.508811		-18.139994		10.449528		4.365372		-5.253943		-40.464249		0.000000		0.000000		0.000000		0.000000		0.000000		0.000000		0.000000		0.000000		0.000000		0.000000
-5.562856		-6.479283		-18.144448		10.636698		4.277799		-5.187524		-40.585285		0.000000		0.000000		0.000000		0.000000		0.000000		0.000000		0.000000		0.000000		0.000000		0.000000
-5.598662		-6.485551		-18.155074		10.712650		4.277799		-5.187524		-40.585285		0.000000		0.000000		0.000000		0.000000		0.000000		0.000000		0.000000		0.000000		0.000000		0.000000
-5.482121		-6.355756		-18.126653		11.307536		3.980425		-5.094396		-40.164474		0.000000		0.000000		0.000000		0.000000		0.000000		0.000000		0.000000		0.000000		0.000000		0.000000
-5.510326		-6.333748		-18.124212		11.262151		3.980425		-5.094396		-40.164474		0.000000		0.000000		0.000000		0.000000		0.000000		0.000000		0.000000		0.000000		0.000000		0.000000
-5.568154		-6.378927		-18.170458		11.443615		3.911721		-5.148766		-40.243652		0.000000		0.000000		0.000000		0.000000		0.000000		0.000000		0.000000		0.000000		0.000000		0.000000
-5.550140		-6.359098		-18.148345		11.404729		3.911721		-5.148766		-40.243652		0.000000		0.000000		0.000000		0.000000		0.000000		0.000000		0.000000		0.000000		0.000000		0.000000
-5.550825		-6.423325		-18.080632		11.337765		3.877224		-5.160949		-40.619007		0.000000		0.000000		0.000000		0.000000		0.000000		0.000000		0.000000		0.000000		0.000000		0.000000
-5.540123		-6.434621		-17.996993		11.271282		3.877224		-5.160949		-40.619007		0.000000		0.000000		0.000000		0.000000		0.000000		0.000000		0.000000		0.000000		0.000000		0.000000
-5.579342		-6.432332		-18.029069		11.162836		3.913034		-5.171518		-40.034538		0.000000		0.000000		0.000000		0.000000		0.000000		0.000000		0.000000		0.000000		0.000000		0.000000
-5.575663		-6.424461		-18.072375		11.205392		3.913034		-5.171518		-40.034538		0.000000		0.000000		0.000000		0.000000		0.000000		0.000000		0.000000		0.000000		0.000000		0.000000
-5.617069		-6.465218		-17.949719		11.100236		3.894281		-5.191945		-39.802181		0.000000		0.000000		0.000000		0.000000		0.000000		0.000000		0.000000		0.000000		0.000000		0.000000
-5.610635		-6.500428		-17.753160		10.615582		3.894281		-5.191945		-39.802181		0.000000		0.000000		0.000000		0.000000		0.000000		0.000000		0.000000		0.000000		0.000000		0.000000
-5.613943		-6.519146		-17.021261		9.655999		3.894281		-5.191945		-39.802181		0.000000		0.000000		0.000000		0.000000		0.000000		0.000000		0.000000		0.000000		0.000000		0.000000
-5.534796		-6.587819		-14.925915		7.045499		3.891403		-5.162564		-39.344318		0.000000		0.000000		0.000000		0.000000		0.000000		0.000000		0.000000		0.000000		0.000000		0.000000
-5.425119		-6.675811		-12.739960		4.685105		3.891403		-5.162564		-39.344318		0.000000		0.000000		0.000000		0.000000		0.000000		0.000000		0.000000		0.000000		0.000000		0.000000
-5.083470		-6.380885		-10.231015		2.647173		4.002642		-4.901671		-39.615292		0.000000		0.000000		0.000000		0.000000		0.000000		0.000000		0.000000		0.000000		0.000000		0.000000
-5.088971		-6.446203		-9.611263		2.134093		4.002642		-4.901671		-39.615292		0.000000		0.000000		0.000000		0.000000		0.000000		0.000000		0.000000		0.000000		0.000000		0.000000
-5.186031		-6.494982		-8.656629		1.136488		3.983015		-4.995137		-38.615795		0.000000		0.000000		0.000000		0.000000		0.000000		0.000000		0.000000		0.000000		0.000000		0.000000
-4.967686		-6.436341		-8.556683		0.590396		4.084037		-4.910750		-39.220760		0.000000		0.000000		0.000000		0.000000		0.000000		0.000000		0.000000		0.000000		0.000000		0.000000
-5.203630		-6.600128		-7.728156		0.021082		4.055588		-5.087321		-38.936260		0.000000		0.000000		0.000000		0.000000		0.000000		0.000000		0.000000		0.000000		0.000000		0.000000
-5.161128		-6.534333		-7.506306		0.066988		3.946088		-5.066973		-39.258106		0.000000		0.000000		0.000000		0.000000		0.000000		0.000000		0.000000		0.000000		0.000000		0.000000
-5.088522		-6.506183		-7.131135		0.743925		3.946088		-5.066973		-39.258106		0.000000		0.000000		0.000000		0.000000		0.000000		0.000000		0.000000		0.000000		0.000000		0.000000
5.516168		-6.882341		-4.912756		1.306654		3.149128		-5.575658		-39.462353		0.000000		0.000000		0.000000		0.000000		0.000000		0.000000		0.000000		0.000000		0.000000		0.000000
5.327736		-6.984011		-3.812255		2.001689		2.899265		-5.671655		-38.519653		0.000000		0.000000		0.000000		0.000000		0.000000		0.000000		0.000000		0.000000		0.000000		0.000000
5.597217		-6.730917		-2.320698		-2.571865		2.301811		-5.696617		-38.373344		0.000000		0.000000		0.000000		0.000000		0.000000		0.000000		0.000000		0.000000		0.000000		0.000000
5.565490		-6.623975		1.296789		-3.783351		2.301811		-5.696617		-38.373344		0.000000		0.000000		0.000000		0.000000		0.000000		0.000000		0.000000		0.000000		0.000000		0.000000
-5.697861		-6.260382		0.441566		-4.094860		2.301811		-5.696617		-38.373344		0.000000		0.000000		0.000000		0.000000		0.000000		0.000000		0.000000		0.000000		0.000000		0.000000
-5.760645		5.477099		0.560057		-3.539654		1.955767		-5.525094		-38.419739		0.000000		0.000000		0.000000		0.000000		0.000000		0.000000		0.000000		0.000000		0.000000		0.000000
-5.577147		-5.691431		0.356702		-3.833868		1.955767		-5.525094		-38.419739		0.000000		0.000000		0.000000		0.000000		0.000000		0.000000		0.000000		0.000000		0.000000		0.000000
5.375294		-6.149653		0.300103		-4.263758		1.955767		-5.525094		-38.419739		0.000000		0.000000		0.000000		0.000000		0.000000		0.000000		0.000000		0.000000		0.000000		0.000000
5.428991		-6.107074		0.961451		-3.079891		1.002289		-5.596607		-37.833717		0.000000		0.000000		0.000000		0.000000		0.000000		0.000000		0.000000		0.000000		0.000000		0.000000
5.468053		-5.957746		0.561478		-3.074121		1.002289		-5.596607		-37.833717		0.000000		0.000000		0.000000		0.000000		0.000000		0.000000		0.000000		0.000000		0.000000		0.000000
5.472095		-6.043705		0.854875		-2.993564		1.002289		-5.596607		-37.833717		0.000000		0.000000		0.000000		0.000000		0.000000		0.000000		0.000000		0.000000		0.000000		0.000000
5.487578		-6.063434		0.955387		-2.978805		0.939116		-5.552178		-38.064392		0.000000		0.000000		0.000000		0.000000		0.000000		0.000000		0.000000		0.000000		0.000000		0.000000
5.389182		-6.177585		0.734119		-3.133354		0.939116		-5.552178		-38.064392		0.000000		0.000000		0.000000		0.000000		0.000000		0.000000		0.000000		0.000000		0.000000		0.000000
5.622248		-7.015274		1.226104		-3.151748		0.735728		-6.003638		-38.533672		0.000000		0.000000		0.000000		0.000000		0.000000		0.000000		0.000000		0.000000		0.000000		0.000000
5.767430		-6.972109		1.649804		-3.057260		0.735728		-6.003638		-38.533672		0.000000		0.000000		0.000000		0.000000		0.000000		0.000000		0.000000		0.000000		0.000000		0.000000
5.721619		-7.073017		1.418839		-3.228355		0.735728		-6.003638		-38.533672		0.000000		0.000000		0.000000		0.000000		0.000000		0.000000		0.000000		0.000000		0.000000		0.000000
5.426818		-6.819992		2.033517		-3.087809		0.520114		-5.743300		-37.489712		0.000000		0.000000		0.000000		0.000000		0.000000		0.000000		0.000000		0.000000		0.000000		0.000000
5.431017		-6.800987		2.113454		-3.071738		0.520114		-5.743300		-37.489712		0.000000		0.000000		0.000000		0.000000		0.000000		0.000000		0.000000		0.000000		0.000000		0.000000
5.289815		-6.933200		2.147019		-3.293470		0.411057		-5.617517		-38.072308		0.000000		0.000000		0.000000		0.000000		0.000000		0.000000		0.000000		0.000000		0.000000		0.000000
5.275415		-6.879195		2.222101		-3.482992		0.411057		-5.617517		-38.072308		0.000000		0.000000		0.000000		0.000000		0.000000		0.000000		0.000000		0.000000		0.000000		0.000000
5.223369		-6.752788		2.415797		-3.971812		0.490802		-5.586723		-37.111240		0.000000		0.000000		0.000000		0.000000		0.000000		0.000000		0.000000		0.000000		0.000000		0.000000
57.646198		-59.177454		3.851044		-10.957921		7.028763		58.013115		-38.017689		0.000000		0.000000		0.000000		0.000000		0.000000		0.000000		0.000000		0.000000		0.000000		0.000000
78.324721		-79.910777		16.442448		-25.152260		20.221706		78.734772		-27.035723		0.000000		0.000000		0.000000		0.000000		0.000000		0.000000		0.000000		0.000000		0.000000		0.000000
85.058754		-86.719686		43.364092		-54.212069		48.246941		85.503853		0.543552		0.000000		0.000000		0.000000		0.000000		0.000000		0.000000		0.000000		0.000000		0.000000		0.000000
84.976987		-86.848089		42.222886		-55.743751		48.246941		85.503853		0.543552		0.000000		0.000000		0.000000		0.000000		0.000000		0.000000		0.000000		0.000000		0.000000		0.000000
24.604370		-26.617244		2.179218		-13.934341		5.179283		25.194923		-37.591194		0.000000		0.000000		0.000000		0.000000		0.000000		0.000000		0.000000		0.000000		0.000000		0.000000
24.545672		-26.557921		2.780503		-14.388637		5.179283		25.194923		-37.591194		0.000000		0.000000		0.000000		0.000000		0.000000		0.000000		0.000000		0.000000		0.000000		0.000000
8.585282		-10.247587		2.594942		-13.042331		3.832978		8.884590		-36.778793		0.000000		0.000000		0.000000		0.000000		0.000000		0.000000		0.000000		0.000000		0.000000		0.000000
0.560970		-2.158073		2.648065		-12.259637		3.050284		0.795075		-36.778770		0.000000		0.000000		0.000000		0.000000		0.000000		0.000000		0.000000		0.000000		0.000000		0.000000
2.487379		-3.980139		2.268836		-12.117113		2.907760		-2.617141		-36.031609		0.000000		0.000000		0.000000		0.000000		0.000000		0.000000		0.000000		0.000000		0.000000		0.000000
3.766399		-5.184843		1.696067		-12.092017		2.882664		-3.821845		-35.669830		0.000000		0.000000		0.000000		0.000000		0.000000		0.000000		0.000000		0.000000		0.000000		0.000000
-4.384784		-5.703581		1.539795		-11.993977		2.784624		-4.340583		-35.640469		0.000000		0.000000		0.000000		0.000000		0.000000		0.000000		0.000000		0.000000		0.000000		0.000000
4.226158		-5.770793		2.838450		-13.293003		2.784624		-4.340583		-35.640469		0.000000		0.000000		0.000000		0.000000		0.000000		0.000000		0.000000		0.000000		0.000000		0.000000
4.179116		-5.882044		5.135357		-14.680422		3.025736		-4.537492		-34.187187		0.000000		0.000000		0.000000		0.000000		0.000000		0.000000		0.000000		0.000000		0.000000		0.000000
4.014826		-5.843426		6.293649		-15.603455		3.025736		-4.537492		-34.187187		0.000000		0.000000		0.000000		0.000000		0.000000		0.000000		0.000000		0.000000		0.000000		0.000000
4.019465		-5.956552		7.339801		-15.737853		3.160134		-4.650618		-35.278534		0.000000		0.000000		0.000000		0.000000		0.000000		0.000000		0.000000		0.000000		0.000000		0.000000
4.079216		-5.965597		5.422942		-15.780266		3.202547		-4.659664		-35.789864		0.000000		0.000000		0.000000		0.000000		0.000000		0.000000		0.000000		0.000000		0.000000		0.000000
4.128191		-5.914972		5.492948		-15.741123		3.163404		-4.609038		-35.998375		0.000000		0.000000		0.000000		0.000000		0.000000		0.000000		0.000000		0.000000		0.000000		0.000000
4.111386		-5.906555		5.361865		-15.614094		3.036375		-4.600621		-35.749439		0.000000		0.000000		0.000000		0.000000		0.000000		0.000000		0.000000		0.000000		0.000000		0.000000
4.198032		-5.906555		6.002603		-15.614094		3.036375		-4.600621		-35.749439		0.000000		0.000000		0.000000		0.000000		0.000000		0.000000		0.000000		0.000000		0.000000		0.000000
4.023823		-5.745194		6.487134		-15.564310		2.986590		-4.439260		-35.864792		0.000000		0.000000		0.000000		0.000000		0.000000		0.000000		0.000000		0.000000		0.000000		0.000000
4.087689		-5.764703		6.668185		-15.682443		3.104724		-4.458769		-35.778248		0.000000		0.000000		0.000000		0.000000		0.000000		0.000000		0.000000		0.000000		0.000000		0.000000
4.221453		-5.829340		6.716562		-15.699005		3.121286		-4.523407		-36.455574		0.000000		0.000000		0.000000		0.000000		0.000000		0.000000		0.000000		0.000000		0.000000		0.000000
4.360010		-5.945814		6.440408		-15.792965		3.215245		-4.639880		-36.653500		0.000000		0.000000		0.000000		0.000000		0.000000		0.000000		0.000000		0.000000		0.000000		0.000000
4.262569		-5.857763		6.830355		-15.706700		3.128981		-4.551829		-36.730942		0.000000		0.000000		0.000000		0.000000		0.000000		0.000000		0.000000		0.000000		0.000000		0.000000
4.331458		-5.727299		6.161661		-15.552443		2.974724		-4.421365		-36.754414		0.000000		0.000000		0.000000		0.000000		0.000000		0.000000		0.000000		0.000000		0.000000		0.000000
4.452590		-5.828810		5.917739		-15.631513		3.053794		-4.522877		-36.006874		0.000000		0.000000		0.000000		0.000000		0.000000		0.000000		0.000000		0.000000		0.000000		0.000000
4.437288		-5.748136		6.021123		-15.648100		3.070380		-4.442202		-35.933773		0.000000		0.000000		0.000000		0.000000		0.000000		0.000000		0.000000		0.000000		0.000000		0.000000
-4.637098		-5.934533		4.929597		-15.706887		3.129168		-4.628599		-35.868660		0.000000		0.000000		0.000000		0.000000		0.000000		0.000000		0.000000		0.000000		0.000000		0.000000
-4.558644		-5.841444		5.122955		-15.731156		3.153436		-4.535510		-36.592136		0.000000		0.000000		0.000000		0.000000		0.000000		0.000000		0.000000		0.000000		0.000000		0.000000
-4.512213		-5.730483		3.102438		-15.700666		3.122947		-4.424550		-37.018742		0.000000		0.000000		0.000000		0.000000		0.000000		0.000000		0.000000		0.000000		0.000000		0.000000
-4.699094		-5.973436		2.629141		-15.804179		3.226460		-4.667502		-36.442242		0.000000		0.000000		0.000000		0.000000		0.000000		0.000000		0.000000		0.000000		0.000000		0.000000
-4.748233		-5.801672		0.846648		-15.971265		3.393546		-4.495739		-36.427586		0.000000		0.000000		0.000000		0.000000		0.000000		0.000000		0.000000		0.000000		0.000000		0.000000
-4.805375		-5.859682		0.900490		-15.899412		3.321693		-4.553748		-36.212147		0.000000		0.000000		0.000000		0.000000		0.000000		0.000000		0.000000		0.000000		0.000000		0.000000
-4.782966		-5.745607		0.580438		-15.899618		3.321899		-4.439673		-35.591938		0.000000		0.000000		0.000000		0.000000		0.000000		0.000000		0.000000		0.000000		0.000000		0.000000
-4.749711		-5.768288		0.138836		-15.940069		3.362350		-4.462354		-35.747463		0.000000		0.000000		0.000000		0.000000		0.000000		0.000000		0.000000		0.000000		0.000000		0.000000
-4.748736		-5.748808		0.152784		-15.954778		3.377059		-4.442874		-35.556190		0.000000		0.000000		0.000000		0.000000		0.000000		0.000000		0.000000		0.000000		0.000000		0.000000
-4.593583		-5.634079		0.163043		-15.924086		3.346367		-4.328145		-36.193253		0.000000		0.000000		0.000000		0.000000		0.000000		0.000000		0.000000		0.000000		0.000000		0.000000
-4.509925		-5.584502		0.169308		-15.905119		3.327400		-4.278568		-35.936279		0.000000		0.000000		0.000000		0.000000		0.000000		0.000000		0.000000		0.000000		0.000000		0.000000
-4.727738		-5.755545		0.191085		-15.909981		3.332262		-4.449611		-36.371063		0.000000		0.000000		0.000000		0.000000		0.000000		0.000000		0.000000		0.000000		0.000000		0.000000
-4.759038		-5.693165		0.471441		-16.028498		3.450778		-4.387231		-36.399258		0.000000		0.000000		0.000000		0.000000		0.000000		0.000000		0.000000		0.000000		0.000000		0.000000
-4.821024		-5.755152		0.467604		-16.024660		3.446941		-4.449218		-36.143860		0.000000		0.000000		0.000000		0.000000		0.000000		0.000000		0.000000		0.000000		0.000000		0.000000
-4.651449		-5.722513		0.420167		-16.004874		3.427155		-4.416579		-36.146763		0.000000		0.000000		0.000000		0.000000		0.000000		0.000000		0.000000		0.000000		0.000000		0.000000
-4.732307		-5.787878		0.520055		-16.065634		3.487914		-4.481945		-35.861530		0.000000		0.000000		0.000000		0.000000		0.000000		0.000000		0.000000		0.000000		0.000000		0.000000
-4.586207		-5.787878		0.903247		-16.065634		3.487914		-4.481945		-35.861530		0.000000		0.000000		0.000000		0.000000		0.000000		0.000000		0.000000		0.000000		0.000000		0.000000
-4.610053		-5.767495		1.445185		-16.446886		3.869167		-4.461562		-35.749809		0.000000		0.000000		0.000000		0.000000		0.000000		0.000000		0.000000		0.000000		0.000000		0.000000
-4.688915		-5.786469		1.474718		-16.241160		3.663441		-4.480536		-36.910156		0.000000		0.000000		0.000000		0.000000		0.000000		0.000000		0.000000		0.000000		0.000000		0.000000
-4.637058		-5.679284		1.718883		-16.321392		3.743673		-4.373350		-35.497616		0.000000		0.000000		0.000000		0.000000		0.000000		0.000000		0.000000		0.000000		0.000000		0.000000
-4.626569		-5.716248		2.296660		-16.436795		3.859076		-4.410314		-35.877335		0.000000		0.000000		0.000000		0.000000		0.000000		0.000000		0.000000		0.000000		0.000000		0.000000
-4.451111		-5.636032		2.375244		-16.383407		3.805688		-4.330098		-35.960789		0.000000		0.000000		0.000000		0.000000		0.000000		0.000000		0.000000		0.000000		0.000000		0.000000
-4.341679		-5.586213		2.630562		-16.451445		3.873726		-4.280279		-35.696381		0.000000		0.000000		0.000000		0.000000		0.000000		0.000000		0.000000		0.000000		0.000000		0.000000
-4.272136		-5.520976		2.613892		-16.363715		3.785996		-4.215043		-36.685448		0.000000		0.000000		0.000000		0.000000		0.000000		0.000000		0.000000		0.000000		0.000000		0.000000
4.260260		-5.609785		2.966080		-16.450308		3.872589		-4.303851		-36.248463		0.000000		0.000000		0.000000		0.000000		0.000000		0.000000		0.000000		0.000000		0.000000		0.000000
4.283576		-5.629812		2.995046		-16.454113		3.876394		-4.323878		-36.429092		0.000000		0.000000		0.000000		0.000000		0.000000		0.000000		0.000000		0.000000		0.000000		0.000000
4.264599		-5.576145		2.660475		-16.347237		3.769518		-4.270211		-36.247894		0.000000		0.000000		0.000000		0.000000		0.000000		0.000000		0.000000		0.000000		0.000000		0.000000
4.033664		-5.533458		2.980754		-16.571789		3.994070		-4.227524		-36.504967		0.000000		0.000000		0.000000		0.000000		0.000000		0.000000		0.000000		0.000000		0.000000		0.000000
3.926898		-5.483965		2.719510		-16.524131		3.946412		-4.178031		-36.437279		0.000000		0.000000		0.000000		0.000000		0.000000		0.000000		0.000000		0.000000		0.000000		0.000000
4.200676		-5.757742		2.720555		-16.525177		3.947458		-4.451808		-36.992702		0.000000		0.000000		0.000000		0.000000		0.000000		0.000000		0.000000		0.000000		0.000000		0.000000
4.007711		-5.604008		2.938539		-16.660635		4.082916		-4.298074		-36.779968		0.000000		0.000000		0.000000		0.000000		0.000000		0.000000		0.000000		0.000000		0.000000		0.000000
4.148027		-5.666461		2.446731		-16.587024		4.009305		-4.360527		-36.625866		0.000000		0.000000		0.000000		0.000000		0.000000		0.000000		0.000000		0.000000		0.000000		0.000000
4.312931		-5.696559		2.044036		-16.585181		4.007463		-4.390625		-36.080181		0.000000		0.000000		0.000000		0.000000		0.000000		0.000000		0.000000		0.000000		0.000000		0.000000
4.208426		-5.613735		2.006709		-16.662457		4.084738		-4.307801		-35.348640		0.000000		0.000000		0.000000		0.000000		0.000000		0.000000		0.000000		0.000000		0.000000		0.000000
3.880927		-5.289276		1.858149		-16.653241		4.075522		-3.983342		-35.706451		0.000000		0.000000		0.000000		0.000000		0.000000		0.000000		0.000000		0.000000		0.000000		0.000000
4.146786		-5.534501		1.765408		-16.708363		4.130644		-4.228567		-36.271976		0.000000		0.000000		0.000000		0.000000		0.000000		0.000000		0.000000		0.000000		0.000000		0.000000
4.126806		-5.785279		1.153751		-16.642163		4.064444		-4.479345		-36.377506		0.000000		0.000000		0.000000		0.000000		0.000000		0.000000		0.000000		0.000000		0.000000		0.000000
4.025072		-5.683545		1.156922		-16.645334		4.067615		-4.377611		-36.272800		0.000000		0.000000		0.000000		0.000000		0.000000		0.000000		0.000000		0.000000		0.000000		0.000000
4.011991		-5.661747		1.205914		-16.754577		4.176858		-4.355813		-36.304169		0.000000		0.000000		0.000000		0.000000		0.000000		0.000000		0.000000		0.000000		0.000000		0.000000
3.906057		-5.552658		0.998983		-16.698145		4.120426		-4.246724		-35.655071		0.000000		0.000000		0.000000		0.000000		0.000000		0.000000		0.000000		0.000000		0.000000		0.000000
3.991217		-5.610053		0.996902		-16.733269		4.155550		-4.304119		-35.772167		0.000000		0.000000		0.000000		0.000000		0.000000		0.000000		0.000000		0.000000		0.000000		0.000000
4.130162		-5.702307		0.880912		-16.708032		4.130313		-4.396373		-35.644894		0.000000		0.000000		0.000000		0.000000		0.000000		0.000000		0.000000		0.000000		0.000000		0.000000
4.368601		-5.702307		0.255346		-16.708032		4.130313		-4.396373		-35.644894		0.000000		0.000000		0.000000		0.000000		0.000000		0.000000		0.000000		0.000000		0.000000		0.000000
4.305814		-5.702465		0.292759		-16.693335		4.115616		-4.396531		-36.013519		0.000000		0.000000		0.000000		0.000000		0.000000		0.000000		0.000000		0.000000		0.000000		0.000000
4.219249		-5.689259		0.036204		-16.589895		4.012176		-4.383326		-36.456276		0.000000		0.000000		0.000000		0.000000		0.000000		0.000000		0.000000		0.000000		0.000000		0.000000
4.133636		-5.603646		0.065501		-16.691600		4.113881		-4.297712		-36.453346		0.000000		0.000000		0.000000		0.000000		0.000000		0.000000		0.000000		0.000000		0.000000		0.000000
4.142526		-5.752516		0.494587		-16.744292		4.166573		-4.446582		-35.249237		0.000000		0.000000		0.000000		0.000000		0.000000		0.000000		0.000000		0.000000		0.000000		0.000000
4.049700		-5.709810		0.092232		-16.605694		4.027975		-4.403876		-35.999882		0.000000		0.000000		0.000000		0.000000		0.000000		0.000000		0.000000		0.000000		0.000000		0.000000
3.728078		-5.367034		0.234703		-16.678614		4.100895		-4.061100		-35.662842		0.000000		0.000000		0.000000		0.000000		0.000000		0.000000		0.000000		0.000000		0.000000		0.000000
3.965218		-5.647966		0.203169		-16.761161		4.183442		-4.342032		-35.774811		0.000000		0.000000		0.000000		0.000000		0.000000		0.000000		0.000000		0.000000		0.000000		0.000000
3.759295		-5.582150		0.081272		-16.766257		4.188538		-4.276216		-36.104099		0.000000		0.000000		0.000000		0.000000		0.000000		0.000000		0.000000		0.000000		0.000000		0.000000
4.184500		-5.965407		0.362748		-16.722184		4.144464		-4.659472		-36.113544		0.000000		0.000000		0.000000		0.000000		0.000000		0.000000		0.000000		0.000000		0.000000		0.000000
4.036233		-5.879220		0.311491		-16.698836		4.121117		-4.573287		-35.878872		0.000000		0.000000		0.000000		0.000000		0.000000		0.000000		0.000000		0.000000		0.000000		0.000000
4.159328		-5.814575		0.729299		-16.690289		4.112570		-4.508642		-36.651600		0.000000		0.000000		0.000000		0.000000		0.000000		0.000000		0.000000		0.000000		0.000000		0.000000
4.107758		-5.730019		0.431866		-16.617816		4.040097		-4.424085		-36.732594		0.000000		0.000000		0.000000		0.000000		0.000000		0.000000		0.000000		0.000000		0.000000		0.000000
3.833009		-5.357677		0.893206		-16.471320		3.893600		-4.051744		-35.155621		0.000000		0.000000		0.000000		0.000000		0.000000		0.000000		0.000000		0.000000		0.000000		0.000000
4.300513		-5.770011		0.475317		-16.454267		3.876548		-4.464077		-35.539688		0.000000		0.000000		0.000000		0.000000		0.000000		0.000000		0.000000		0.000000		0.000000		0.000000
4.509786		-6.023072		0.315351		-16.567603		3.989884		-4.717138		-36.170818		0.000000		0.000000		0.000000		0.000000		0.000000		0.000000		0.000000		0.000000		0.000000		0.000000
4.232377		-5.930483		0.293928		-16.495829		3.918110		-4.624548		-35.267708		0.000000		0.000000		0.000000		0.000000		0.000000		0.000000		0.000000		0.000000		0.000000		0.000000
4.184594		-5.882699		0.311054		-16.478704		3.900985		-4.576766		-35.592369		0.000000		0.000000		0.000000		0.000000		0.000000		0.000000		0.000000		0.000000		0.000000		0.000000
4.233212		-5.922746		0.113385		-16.429779		3.852060		-4.616812		-35.932705		0.000000		0.000000		0.000000		0.000000		0.000000		0.000000		0.000000		0.000000		0.000000		0.000000
4.232013		-5.814932		0.295027		-16.386781		3.809062		-4.508998		-35.401134		0.000000		0.000000		0.000000		0.000000		0.000000		0.000000		0.000000		0.000000		0.000000		0.000000
4.294520		-5.784650		0.494989		-16.180095		3.602376		-4.478716		-35.265068		0.000000		0.000000		0.000000		0.000000		0.000000		0.000000		0.000000		0.000000		0.000000		0.000000
4.017374		-5.899504		3.260462		-17.906399		3.602376		-4.478716		-35.265068		0.000000		0.000000		0.000000		0.000000		0.000000		0.000000		0.000000		0.000000		0.000000		0.000000
3.873057		-6.140430		5.630468		-16.809508		3.054181		-4.551183		-36.366955		0.000000		0.000000		0.000000		0.000000		0.000000		0.000000		0.000000		0.000000		0.000000		0.000000
3.879843		-6.151986		6.471709		-16.945968		3.056921		-4.570809		-36.128742		0.000000		0.000000		0.000000		0.000000		0.000000		0.000000		0.000000		0.000000		0.000000		0.000000
3.856834		-6.017584		7.170932		-16.849816		3.061487		-4.543439		-35.942780		0.000000		0.000000		0.000000		0.000000		0.000000		0.000000		0.000000		0.000000		0.000000		0.000000
3.832817		-5.943989		7.300372		-16.091282		3.061487		-4.543439		-35.942780		0.000000		0.000000		0.000000		0.000000		0.000000		0.000000		0.000000		0.000000		0.000000		0.000000
3.811509		-5.791577		6.012681		-13.676524		3.061487		-4.543439		-35.942780		0.000000		0.000000		0.000000		0.000000		0.000000		0.000000		0.000000		0.000000		0.000000		0.000000
3.957497		-5.789826		4.284177		-10.509541		2.230332		-4.493523		-35.805481		0.000000		0.000000		0.000000		0.000000		0.000000		0.000000		0.000000		0.000000		0.000000		0.000000
3.949741		-5.819560		4.049008		-9.999392		2.230332		-4.493523		-35.805481		0.000000		0.000000		0.000000		0.000000		0.000000		0.000000		0.000000		0.000000		0.000000		0.000000
3.979385		-5.822330		3.506266		-9.101061		2.230332		-4.493523		-35.805481		0.000000		0.000000		0.000000		0.000000		0.000000		0.000000		0.000000		0.000000		0.000000		0.000000
4.022464		-5.723347		2.714919		-8.153971		2.230332		-4.493523		-35.805481		0.000000		0.000000		0.000000		0.000000		0.000000		0.000000		0.000000		0.000000		0.000000		0.000000
4.414375		-6.086016		3.014188		-6.227347		1.114257		-4.823192		-36.397129		0.000000		0.000000		0.000000		0.000000		0.000000		0.000000		0.000000		0.000000		0.000000		0.000000
4.434336		-6.066823		2.683994		-5.956167		1.114257		-4.823192		-36.397129		0.000000		0.000000		0.000000		0.000000		0.000000		0.000000		0.000000		0.000000		0.000000		0.000000
4.676172		-6.265873		2.923810		-4.924470		0.564213		-5.024820		-37.410355		0.000000		0.000000		0.000000		0.000000		0.000000		0.000000		0.000000		0.000000		0.000000		0.000000
4.677057		-6.219651		2.428779		-4.485862		0.564213		-5.024820		-37.410355		0.000000		0.000000		0.000000		0.000000		0.000000		0.000000		0.000000		0.000000		0.000000		0.000000
4.714091		-6.252676		1.761205		-3.824134		0.564213		-5.024820		-37.410355		0.000000		0.000000		0.000000		0.000000		0.000000		0.000000		0.000000		0.000000		0.000000		0.000000
4.765605		-6.288454		1.841202		-3.419603		0.564213		-5.024820		-37.410355		0.000000		0.000000		0.000000		0.000000		0.000000		0.000000		0.000000		0.000000		0.000000		0.000000
5.216584		-6.791972		1.954856		-3.217339		0.505489		-5.466059		-38.563530		0.000000		0.000000		0.000000		0.000000		0.000000		0.000000		0.000000		0.000000		0.000000		0.000000
5.307561		-6.806378		1.930041		-3.089419		0.470866		-5.533913		-38.082447		0.000000		0.000000		0.000000		0.000000		0.000000		0.000000		0.000000		0.000000		0.000000		0.000000
5.275861		-6.740413		1.957526		-3.069905		0.470866		-5.533913		-38.082447		0.000000		0.000000		0.000000		0.000000		0.000000		0.000000		0.000000		0.000000		0.000000		0.000000
5.324906		-6.655533		1.895813		-3.041764		0.470866		-5.533913		-38.082447		0.000000		0.000000		0.000000		0.000000		0.000000		0.000000		0.000000		0.000000		0.000000		0.000000
5.246387		-6.386257		1.238924		-3.654525		0.978919		-5.496398		-37.694843		0.000000		0.000000		0.000000		0.000000		0.000000		0.000000		0.000000		0.000000		0.000000		0.000000
5.333967		-6.210975		1.003623		-3.512679		1.043448		-5.525886		-37.449032		0.000000		0.000000		0.000000		0.000000		0.000000		0.000000		0.000000		0.000000		0.000000		0.000000
5.411961		-6.171894		0.890824		-3.497992		1.043448		-5.525886		-37.449032		0.000000		0.000000		0.000000		0.000000		0.000000		0.000000		0.000000		0.000000		0.000000		0.000000
5.475526		-6.111176		0.980801		-3.356895		0.953075		-5.538535		-37.971996		0.000000		0.000000		0.000000		0.000000		0.000000		0.000000		0.000000		0.000000		0.000000		0.000000
5.448563		-6.117061		0.909549		-3.422865		1.038458		-5.551451		-38.100967		0.000000		0.000000		0.000000		0.000000		0.000000		0.000000		0.000000		0.000000		0.000000		0.000000
5.439878		-6.127941		0.892016		-3.418314		1.038458		-5.551451		-38.100967		0.000000		0.000000		0.000000		0.000000		0.000000		0.000000		0.000000		0.000000		0.000000		0.000000
5.454804		-6.038490		0.440878		-3.781767		1.443041		-5.509571		-38.582954		0.000000		0.000000		0.000000		0.000000		0.000000		0.000000		0.000000		0.000000		0.000000		0.000000
5.497460		-6.008342		0.437571		-3.768182		1.443041		-5.509571		-38.582954		0.000000		0.000000		0.000000		0.000000		0.000000		0.000000		0.000000		0.000000		0.000000		0.000000
-5.510564		-5.993386		0.428667		-3.757426		1.443041		-5.509571		-38.582954		0.000000		0.000000		0.000000		0.000000		0.000000		0.000000		0.000000		0.000000		0.000000		0.000000
-5.514841		-5.989203		0.432035		-3.755247		1.443041		-5.509571		-38.582954		0.000000		0.000000		0.000000		0.000000		0.000000		0.000000		0.000000		0.000000		0.000000		0.000000
5.445912		-5.928306		0.158670		-4.010819		1.713068		-5.451475		-38.609924		0.000000		0.000000		0.000000		0.000000		0.000000		0.000000		0.000000		0.000000		0.000000		0.000000
5.440418		-5.918234		0.150597		-4.003456		1.713068		-5.451475		-38.609924		0.000000		0.000000		0.000000		0.000000		0.000000		0.000000		0.000000		0.000000		0.000000		0.000000
5.447010		-5.913213		0.159355		-3.988908		1.713068		-5.451475		-38.609924		0.000000		0.000000		0.000000		0.000000		0.000000		0.000000		0.000000		0.000000		0.000000		0.000000
-5.468719		-5.920079		0.051330		-4.218838		1.935483		-5.459207		-39.208149		0.000000		0.000000		0.000000		0.000000		0.000000		0.000000		0.000000		0.000000		0.000000		0.000000
-5.475251		-5.908000		0.065003		-4.219465		1.935483		-5.459207		-39.208149		0.000000		0.000000		0.000000		0.000000		0.000000		0.000000		0.000000		0.000000		0.000000		0.000000
-5.476282		-5.905602		0.107265		-4.270127		1.995845		-5.446172		-39.015114		0.000000		0.000000		0.000000		0.000000		0.000000		0.000000		0.000000		0.000000		0.000000		0.000000
-5.471765		-5.908884		0.105217		-4.271042		1.990165		-5.449030		-38.417149		0.000000		0.000000		0.000000		0.000000		0.000000		0.000000		0.000000		0.000000		0.000000		0.000000
-5.471049		-5.909388		0.111838		-4.276797		1.990165		-5.449030		-38.417149		0.000000		0.000000		0.000000		0.000000		0.000000		0.000000		0.000000		0.000000		0.000000		0.000000
-5.459284		-5.888820		0.102810		-4.266524		1.990165		-5.449030		-38.417149		0.000000		0.000000		0.000000		0.000000		0.000000		0.000000		0.000000		0.000000		0.000000		0.000000
5.443000		-5.886053		0.096749		-4.288047		1.990165		-5.449030		-38.417149		0.000000		0.000000		0.000000		0.000000		0.000000		0.000000		0.000000		0.000000		0.000000		0.000000
5.440879		-5.877536		0.189548		-4.389003		2.084599		-5.440912		-38.616734		0.000000		0.000000		0.000000		0.000000		0.000000		0.000000		0.000000		0.000000		0.000000		0.000000
-5.451751		-5.869507		0.184802		-4.380001		2.084599		-5.440912		-38.616734		0.000000		0.000000		0.000000		0.000000		0.000000		0.000000		0.000000		0.000000		0.000000		0.000000
-5.424399		-5.838457		0.226068		-4.407119		2.126850		-5.402994		-38.143627		0.000000		0.000000		0.000000		0.000000		0.000000		0.000000		0.000000		0.000000		0.000000		0.000000
-5.420643		-5.816576		0.246995		-4.416501		2.126850		-5.402994		-38.143627		0.000000		0.000000		0.000000		0.000000		0.000000		0.000000		0.000000		0.000000		0.000000		0.000000
